date,day_type,exception_type,holiday,period,service_id
20240101,3,1,1,2,26_MPLKH
20240102,1,1,0,2,4_MPLKH
20240103,1,1,0,1,1_MPLKH
20240104,1,1,0,1,1_MPLKH
20240105,1,1,0,1,1_MPLKH
20240106,2,1,0,1,2_MPLKH
20240107,3,1,0,1,3_MPLKH
20240108,1,1,0,1,1_MPLKH
20240109,1,1,0,1,1_MPLKH
20240110,1,1,0,1,1_MPLKH
20240111,1,1,0,1,1_MPLKH
20240112,1,1,0,1,1_MPLKH
20240113,2,1,0,1,2_MPLKH
20240114,3,1,0,1,3_MPLKH
20240115,1,1,0,1,1_MPLKH
20240116,1,1,0,1,1_MPLKH
20240117,1,1,0,1,1_MPLKH
20240118,1,1,0,1,1_MPLKH
20240119,1,1,0,1,1_MPLKH
20240120,2,1,0,1,2_MPLKH
20240121,3,1,0,1,3_MPLKH
20240122,1,1,0,1,1_MPLKH
20240123,1,1,0,1,1_MPLKH
20240124,1,1,0,1,1_MPLKH
20240125,1,1,0,1,1_MPLKH
20240126,1,1,0,1,1_MPLKH
20240127,2,1,0,1,2_MPLKH
20240128,3,1,0,1,3_MPLKH
20240129,1,1,0,1,1_MPLKH
20240130,1,1,0,1,1_MPLKH
20240131,1,1,0,1,1_MPLKH
20240201,1,1,0,1,1_MPLKH
20240202,1,1,0,1,1_MPLKH
20240203,2,1,0,1,2_MPLKH
20240204,3,1,0,1,3_MPLKH
20240205,1,1,0,1,1_MPLKH
20240206,1,1,0,1,1_MPLKH
20240207,1,1,0,1,1_MPLKH
20240208,1,1,0,1,1_MPLKH
20240209,1,1,0,1,1_MPLKH
20240210,2,1,0,1,2_MPLKH
20240211,3,1,0,1,3_MPLKH
20240212,1,1,0,2,4_MPLKH
20240213,1,1,0,2,5_MPLKH
20240214,1,1,0,2,4_MPLKH
20240215,1,1,0,1,1_MPLKH
20240216,1,1,0,1,1_MPLKH
20240217,2,1,0,1,2_MPLKH
20240217,2,1,0,1,12_MPLKH
20240218,3,1,0,1,13_MPLKH
20240218,3,1,0,1,3_MPLKH
20240219,1,1,0,1,1_MPLKH
20240220,1,1,0,1,1_MPLKH
20240221,1,1,0,1,1_MPLKH
20240222,1,1,0,1,1_MPLKH
20240223,1,1,0,1,1_MPLKH
20240224,2,1,0,1,2_MPLKH
20240224,2,1,0,1,12_MPLKH
20240225,3,1,0,1,13_MPLKH
20240225,3,1,0,1,3_MPLKH
20240226,1,1,0,1,1_MPLKH
20240227,1,1,0,1,1_MPLKH
20240228,1,1,0,1,1_MPLKH
20240229,1,1,0,1,1_MPLKH
20240301,1,1,0,1,1_MPLKH
20240301,1,1,0,1,11_MPLKH
20240302,2,1,0,1,12_MPLKH
20240302,2,1,0,1,2_MPLKH
20240303,3,1,0,1,3_MPLKH
20240303,3,1,0,1,13_MPLKH
20240304,1,1,0,1,11_MPLKH
20240304,1,1,0,1,1_MPLKH
20240305,1,1,0,1,1_MPLKH
20240305,1,1,0,1,11_MPLKH
20240306,1,1,0,1,11_MPLKH
20240306,1,1,0,1,1_MPLKH
20240307,1,1,0,1,1_MPLKH
20240307,1,1,0,1,11_MPLKH
20240308,1,1,0,1,11_MPLKH
20240308,1,1,0,1,1_MPLKH
20240309,2,1,0,1,2_MPLKH
20240310,3,1,0,1,3_MPLKH
20240311,1,1,0,1,1_MPLKH
20240311,1,1,0,1,91_MPLKH
20240312,1,1,0,1,91_MPLKH
20240312,1,1,0,1,1_MPLKH
20240313,1,1,0,1,1_MPLKH
20240313,1,1,0,1,91_MPLKH
20240314,1,1,0,1,91_MPLKH
20240314,1,1,0,1,1_MPLKH
20240315,1,1,0,1,1_MPLKH
20240315,1,1,0,1,91_MPLKH
20240316,2,1,0,1,92_MPLKH
20240316,2,1,0,1,2_MPLKH
20240317,3,1,0,1,3_MPLKH
20240317,3,1,0,1,93_MPLKH
20240318,1,1,0,1,91_MPLKH
20240318,1,1,0,1,1_MPLKH
20240319,1,1,0,1,1_MPLKH
20240319,1,1,0,1,91_MPLKH
20240320,1,1,0,1,91_MPLKH
20240320,1,1,0,1,1_MPLKH
20240321,1,1,0,1,1_MPLKH
20240321,1,1,0,1,91_MPLKH
20240322,1,1,0,1,91_MPLKH
20240322,1,1,0,1,1_MPLKH
20240323,2,1,0,1,2_MPLKH
20240323,2,1,0,1,92_MPLKH
20240324,3,1,0,1,93_MPLKH
20240324,3,1,0,1,3_MPLKH
20240325,1,1,0,1,1_MPLKH
20240325,1,1,0,1,91_MPLKH
20240326,1,1,0,1,91_MPLKH
20240326,1,1,0,1,1_MPLKH
20240327,1,1,0,1,1_MPLKH
20240327,1,1,0,1,91_MPLKH
20240328,1,1,0,2,94_MPLKH
20240328,1,1,0,2,4_MPLKH
20240329,3,1,1,2,6_MPLKH
20240330,2,1,0,2,5_MPLKH
20240331,3,1,1,2,6_MPLKH
20240401,1,1,0,2,4_MPLKH
20240401,1,1,0,2,94_MPLKH
20240402,1,1,0,2,94_MPLKH
20240402,1,1,0,2,4_MPLKH
20240403,1,1,0,1,1_MPLKH
20240403,1,1,0,1,91_MPLKH
20240404,1,1,0,1,91_MPLKH
20240404,1,1,0,1,1_MPLKH
20240405,1,1,0,1,1_MPLKH
20240405,1,1,0,1,91_MPLKH
20240406,2,1,0,1,92_MPLKH
20240406,2,1,0,1,2_MPLKH
20240407,3,1,0,1,3_MPLKH
20240407,3,1,0,1,93_MPLKH
20240408,1,1,0,1,91_MPLKH
20240408,1,1,0,1,1_MPLKH
20240409,1,1,0,1,1_MPLKH
20240409,1,1,0,1,91_MPLKH
20240410,1,1,0,1,91_MPLKH
20240410,1,1,0,1,1_MPLKH
20240411,1,1,0,1,1_MPLKH
20240411,1,1,0,1,91_MPLKH
20240412,1,1,0,1,91_MPLKH
20240412,1,1,0,1,1_MPLKH
20240413,2,1,0,1,2_MPLKH
20240413,2,1,0,1,92_MPLKH
20240414,3,1,0,1,93_MPLKH
20240414,3,1,0,1,3_MPLKH
20240415,1,1,0,1,1_MPLKH
20240415,1,1,0,1,91_MPLKH
20240416,1,1,0,1,91_MPLKH
20240416,1,1,0,1,1_MPLKH
20240417,1,1,0,1,1_MPLKH
20240417,1,1,0,1,91_MPLKH
20240418,1,1,0,1,91_MPLKH
20240418,1,1,0,1,1_MPLKH
20240419,1,1,0,1,1_MPLKH
20240419,1,1,0,1,91_MPLKH
20240420,2,1,0,1,92_MPLKH
20240420,2,1,0,1,2_MPLKH
20240421,3,1,0,1,3_MPLKH
20240421,3,1,0,1,93_MPLKH
20240422,1,1,0,1,91_MPLKH
20240422,1,1,0,1,1_MPLKH
20240423,1,1,0,1,1_MPLKH
20240423,1,1,0,1,91_MPLKH
20240424,1,1,0,1,91_MPLKH
20240424,1,1,0,1,1_MPLKH
20240425,3,1,1,1,3_MPLKH
20240425,3,1,1,1,93_MPLKH
20240426,1,1,0,1,91_MPLKH
20240426,1,1,0,1,1_MPLKH
20240427,2,1,0,1,2_MPLKH
20240427,2,1,0,1,92_MPLKH
20240428,3,1,0,1,93_MPLKH
20240428,3,1,0,1,3_MPLKH
20240429,1,1,0,1,1_MPLKH
20240429,1,1,0,1,91_MPLKH
20240430,1,1,0,1,91_MPLKH
20240430,1,1,0,1,1_MPLKH
20240501,3,1,1,1,3_MPLKH
20240501,3,1,1,1,97_MPLKH
20240502,1,1,0,1,97_MPLKH
20240502,1,1,0,1,1_MPLKH
20240503,1,1,0,1,1_MPLKH
20240503,1,1,0,1,97_MPLKH
20240504,2,1,0,1,98_MPLKH
20240504,2,1,0,1,2_MPLKH
20240505,3,1,0,1,3_MPLKH
20240505,3,1,0,1,99_MPLKH
20240506,1,1,0,1,97_MPLKH
20240506,1,1,0,1,1_MPLKH
20240507,1,1,0,1,1_MPLKH
20240507,1,1,0,1,97_MPLKH
20240508,1,1,0,1,97_MPLKH
20240508,1,1,0,1,1_MPLKH
20240509,1,1,0,1,1_MPLKH
20240509,1,1,0,1,97_MPLKH
20240510,1,1,0,1,97_MPLKH
20240510,1,1,0,1,1_MPLKH
20240511,2,1,0,1,2_MPLKH
20240511,2,1,0,1,98_MPLKH
20240512,3,1,0,1,99_MPLKH
20240512,3,1,0,1,3_MPLKH
20240513,1,1,0,1,1_MPLKH
20240513,1,1,0,1,97_MPLKH
20240514,1,1,0,1,97_MPLKH
20240514,1,1,0,1,1_MPLKH
20240515,1,1,0,1,1_MPLKH
20240515,1,1,0,1,97_MPLKH
20240516,1,1,0,1,97_MPLKH
20240516,1,1,0,1,1_MPLKH
20240517,1,1,0,1,1_MPLKH
20240517,1,1,0,1,97_MPLKH
20240518,2,1,0,1,98_MPLKH
20240518,2,1,0,1,2_MPLKH
20240519,3,1,0,1,3_MPLKH
20240519,3,1,0,1,99_MPLKH
20240520,1,1,0,1,97_MPLKH
20240520,1,1,0,1,1_MPLKH
20240521,1,1,0,1,1_MPLKH
20240521,1,1,0,1,97_MPLKH
20240522,1,1,0,1,97_MPLKH
20240522,1,1,0,1,1_MPLKH
20240523,1,1,0,1,1_MPLKH
20240523,1,1,0,1,97_MPLKH
20240524,1,1,0,1,97_MPLKH
20240524,1,1,0,1,1_MPLKH
20240525,2,1,0,1,2_MPLKH
20240525,2,1,0,1,98_MPLKH
20240526,3,1,0,1,99_MPLKH
20240526,3,1,0,1,3_MPLKH
20240527,1,1,0,1,1_MPLKH
20240527,1,1,0,1,97_MPLKH
20240528,1,1,0,1,97_MPLKH
20240528,1,1,0,1,1_MPLKH
20240529,1,1,0,1,1_MPLKH
20240529,1,1,0,1,97_MPLKH
20240530,3,1,1,1,97_MPLKH
20240530,3,1,1,1,3_MPLKH
20240531,1,1,0,1,1_MPLKH
20240531,1,1,0,1,97_MPLKH
20240601,2,1,0,1,2_MPLKH
20240602,3,1,0,1,3_MPLKH
20240603,1,1,0,1,1_MPLKH
20240603,1,1,0,1,97_MPLKH
20240604,1,1,0,1,97_MPLKH
20240604,1,1,0,1,1_MPLKH
20240605,1,1,0,1,1_MPLKH
20240605,1,1,0,1,97_MPLKH
20240606,1,1,0,1,97_MPLKH
20240606,1,1,0,1,1_MPLKH
20240607,1,1,0,1,1_MPLKH
20240607,1,1,0,1,97_MPLKH
20240608,2,1,0,1,2_MPLKH
20240609,3,1,0,1,3_MPLKH
20240609,3,1,0,1,99_MPLKH
20240610,3,1,1,1,97_MPLKH
20240610,3,1,1,1,3_MPLKH
20240611,1,1,0,1,1_MPLKH
20240611,1,1,0,1,97_MPLKH
20240612,1,1,0,1,97_MPLKH
20240612,1,1,0,1,1_MPLKH
20240613,1,1,0,1,14_MPLKH
20240613,1,1,0,1,74_MPLKH
20240614,1,1,0,1,97_MPLKH
20240614,1,1,0,1,1_MPLKH
20240615,2,1,0,1,2_MPLKH
20240615,2,1,0,1,98_MPLKH
20240616,3,1,0,1,99_MPLKH
20240616,3,1,0,1,3_MPLKH
20240617,1,1,0,1,1_MPLKH
20240617,1,1,0,1,97_MPLKH
20240618,1,1,0,1,97_MPLKH
20240618,1,1,0,1,1_MPLKH
20240619,1,1,0,1,1_MPLKH
20240619,1,1,0,1,97_MPLKH
20240620,1,1,0,1,97_MPLKH
20240620,1,1,0,1,1_MPLKH
20240621,1,1,0,1,1_MPLKH
20240621,1,1,0,1,97_MPLKH
20240622,2,1,0,1,98_MPLKH
20240622,2,1,0,1,2_MPLKH
20240623,3,1,0,1,3_MPLKH
20240623,3,1,0,1,99_MPLKH
20240624,1,1,0,1,97_MPLKH
20240624,1,1,0,1,1_MPLKH
20240625,1,1,0,1,1_MPLKH
20240625,1,1,0,1,97_MPLKH
20240626,1,1,0,1,97_MPLKH
20240626,1,1,0,1,1_MPLKH
20240627,1,1,0,1,1_MPLKH
20240627,1,1,0,1,97_MPLKH
20240628,1,1,0,1,97_MPLKH
20240628,1,1,0,1,1_MPLKH
20240629,2,1,0,1,2_MPLKH
20240629,2,1,0,1,98_MPLKH
20240630,3,1,0,1,99_MPLKH
20240630,3,1,0,1,3_MPLKH
20240701,1,1,0,3,7_MPLKH
20240701,1,1,0,3,97_MPLKH
20240702,1,1,0,3,97_MPLKH
20240702,1,1,0,3,7_MPLKH
20240703,1,1,0,3,7_MPLKH
20240703,1,1,0,3,97_MPLKH
20240704,1,1,0,3,97_MPLKH
20240704,1,1,0,3,7_MPLKH
20240705,1,1,0,3,7_MPLKH
20240705,1,1,0,3,97_MPLKH
20240706,2,1,0,3,98_MPLKH
20240706,2,1,0,3,8_MPLKH
20240707,3,1,0,3,9_MPLKH
20240707,3,1,0,3,99_MPLKH
20240708,1,1,0,3,97_MPLKH
20240708,1,1,0,3,7_MPLKH
20240709,1,1,0,3,7_MPLKH
20240709,1,1,0,3,97_MPLKH
20240710,1,1,0,3,97_MPLKH
20240710,1,1,0,3,7_MPLKH
20240711,1,1,0,3,7_MPLKH
20240711,1,1,0,3,97_MPLKH
20240712,1,1,0,3,97_MPLKH
20240712,1,1,0,3,7_MPLKH
20240713,2,1,0,3,8_MPLKH
20240713,2,1,0,3,98_MPLKH
20240714,3,1,0,3,99_MPLKH
20240714,3,1,0,3,9_MPLKH
20240715,1,1,0,3,7_MPLKH
20240715,1,1,0,3,97_MPLKH
20240716,1,1,0,3,97_MPLKH
20240716,1,1,0,3,7_MPLKH
20240717,1,1,0,3,7_MPLKH
20240717,1,1,0,3,97_MPLKH
20240718,1,1,0,3,97_MPLKH
20240718,1,1,0,3,7_MPLKH
20240719,1,1,0,3,7_MPLKH
20240719,1,1,0,3,97_MPLKH
20240720,2,1,0,3,98_MPLKH
20240720,2,1,0,3,8_MPLKH
20240721,3,1,0,3,9_MPLKH
20240721,3,1,0,3,99_MPLKH
20240722,1,1,0,3,97_MPLKH
20240722,1,1,0,3,7_MPLKH
20240723,1,1,0,3,7_MPLKH
20240723,1,1,0,3,97_MPLKH
20240724,1,1,0,3,97_MPLKH
20240724,1,1,0,3,7_MPLKH
20240725,1,1,0,3,7_MPLKH
20240725,1,1,0,3,97_MPLKH
20240726,1,1,0,3,97_MPLKH
20240726,1,1,0,3,7_MPLKH
20240727,2,1,0,3,8_MPLKH
20240727,2,1,0,3,98_MPLKH
20240728,3,1,0,3,99_MPLKH
20240728,3,1,0,3,9_MPLKH
20240729,1,1,0,3,7_MPLKH
20240729,1,1,0,3,97_MPLKH
20240730,1,1,0,3,97_MPLKH
20240730,1,1,0,3,7_MPLKH
20240731,1,1,0,3,7_MPLKH
20240731,1,1,0,3,97_MPLKH
20240801,1,1,0,3,97_MPLKH
20240801,1,1,0,3,7_MPLKH
20240802,1,1,0,3,7_MPLKH
20240802,1,1,0,3,97_MPLKH
20240803,2,1,0,3,98_MPLKH
20240803,2,1,0,3,8_MPLKH
20240804,3,1,0,3,9_MPLKH
20240804,3,1,0,3,99_MPLKH
20240805,1,1,0,3,97_MPLKH
20240805,1,1,0,3,7_MPLKH
20240806,1,1,0,3,7_MPLKH
20240806,1,1,0,3,97_MPLKH
20240807,1,1,0,3,97_MPLKH
20240807,1,1,0,3,7_MPLKH
20240808,1,1,0,3,7_MPLKH
20240808,1,1,0,3,97_MPLKH
20240809,1,1,0,3,97_MPLKH
20240809,1,1,0,3,7_MPLKH
20240810,2,1,0,3,8_MPLKH
20240810,2,1,0,3,98_MPLKH
20240811,3,1,0,3,99_MPLKH
20240811,3,1,0,3,9_MPLKH
20240812,1,1,0,3,7_MPLKH
20240812,1,1,0,3,97_MPLKH
20240813,1,1,0,3,97_MPLKH
20240813,1,1,0,3,7_MPLKH
20240814,1,1,0,3,7_MPLKH
20240814,1,1,0,3,97_MPLKH
20240815,1,1,0,3,97_MPLKH
20240815,3,1,1,3,9_MPLKH
20240816,1,1,0,3,7_MPLKH
20240816,1,1,0,3,97_MPLKH
20240817,2,1,0,3,98_MPLKH
20240817,2,1,0,3,8_MPLKH
20240818,3,1,0,3,9_MPLKH
20240818,3,1,0,3,99_MPLKH
20240819,1,1,0,3,97_MPLKH
20240819,1,1,0,3,7_MPLKH
20240820,1,1,0,3,7_MPLKH
20240820,1,1,0,3,97_MPLKH
20240821,1,1,0,3,97_MPLKH
20240821,1,1,0,3,7_MPLKH
20240822,1,1,0,3,7_MPLKH
20240822,1,1,0,3,97_MPLKH
20240823,1,1,0,3,7_MPLKH
20240824,2,1,0,3,8_MPLKH
20240825,3,1,0,3,9_MPLKH
20240826,1,1,0,3,7_MPLKH
20240826,1,1,0,3,97_MPLKH
20240827,1,1,0,3,97_MPLKH
20240827,1,1,0,3,7_MPLKH
20240828,1,1,0,3,7_MPLKH
20240828,1,1,0,3,97_MPLKH
20240829,1,1,0,3,97_MPLKH
20240829,1,1,0,3,7_MPLKH
20240830,1,1,0,3,7_MPLKH
20240831,2,1,0,3,8_MPLKH
20240901,3,1,0,3,9_MPLKH
20240902,1,1,0,3,7_MPLKH
20240902,1,1,0,3,97_MPLKH
20240903,1,1,0,3,97_MPLKH
20240903,1,1,0,3,7_MPLKH
20240904,1,1,0,3,7_MPLKH
20240904,1,1,0,3,97_MPLKH
20240905,1,1,0,3,97_MPLKH
20240905,1,1,0,3,7_MPLKH
20240906,1,1,0,3,7_MPLKH
20240906,1,1,0,3,97_MPLKH
20240907,2,1,0,3,98_MPLKH
20240907,2,1,0,3,8_MPLKH
20240908,3,1,0,3,9_MPLKH
20240908,3,1,0,3,99_MPLKH
20240909,1,1,0,1,77_MPLKH
20240909,1,1,0,1,1_MPLKH
20240910,1,1,0,1,1_MPLKH
20240910,1,1,0,1,77_MPLKH
20240911,1,1,0,1,77_MPLKH
20240911,1,1,0,1,1_MPLKH
20240912,1,1,0,1,1_MPLKH
20240912,1,1,0,1,77_MPLKH
20240913,1,1,0,1,77_MPLKH
20240913,1,1,0,1,1_MPLKH
20240914,2,1,0,1,2_MPLKH
20240914,2,1,0,1,78_MPLKH
20240915,3,1,0,1,79_MPLKH
20240915,3,1,0,1,3_MPLKH
20240916,1,1,0,1,1_MPLKH
20240916,1,1,0,1,77_MPLKH
20240917,1,1,0,1,77_MPLKH
20240917,1,1,0,1,1_MPLKH
20240918,1,1,0,1,1_MPLKH
20240918,1,1,0,1,77_MPLKH
20240919,1,1,0,1,77_MPLKH
20240919,1,1,0,1,1_MPLKH
20240920,1,1,0,1,1_MPLKH
20240920,1,1,0,1,77_MPLKH
20240921,2,1,0,1,78_MPLKH
20240921,2,1,0,1,2_MPLKH
20240922,3,1,0,1,3_MPLKH
20240922,3,1,0,1,79_MPLKH
20240923,1,1,0,1,77_MPLKH
20240923,1,1,0,1,1_MPLKH
20240924,1,1,0,1,1_MPLKH
20240924,1,1,0,1,77_MPLKH
20240925,1,1,0,1,77_MPLKH
20240925,1,1,0,1,1_MPLKH
20240926,1,1,0,1,1_MPLKH
20240926,1,1,0,1,77_MPLKH
20240927,1,1,0,1,77_MPLKH
20240927,1,1,0,1,1_MPLKH
20240928,2,1,0,1,2_MPLKH
20240928,2,1,0,1,78_MPLKH
20240929,3,1,0,1,79_MPLKH
20240929,3,1,0,1,3_MPLKH
20240930,1,1,0,1,1_MPLKH
20240930,1,1,0,1,77_MPLKH
20241001,1,1,0,1,77_MPLKH
20241001,1,1,0,1,1_MPLKH
20241002,1,1,0,1,1_MPLKH
20241002,1,1,0,1,77_MPLKH
20241003,1,1,0,1,77_MPLKH
20241003,1,1,0,1,1_MPLKH
20241004,1,1,0,1,1_MPLKH
20241004,1,1,0,1,77_MPLKH
20241005,3,1,1,1,78_MPLKH
20241005,3,1,1,1,3_MPLKH
20241006,3,1,0,1,3_MPLKH
20241006,3,1,0,1,79_MPLKH
20241007,1,1,0,1,77_MPLKH
20241007,1,1,0,1,1_MPLKH
20241008,1,1,0,1,1_MPLKH
20241008,1,1,0,1,77_MPLKH
20241009,1,1,0,1,77_MPLKH
20241009,1,1,0,1,1_MPLKH
20241010,1,1,0,1,1_MPLKH
20241010,1,1,0,1,77_MPLKH
20241011,1,1,0,1,77_MPLKH
20241011,1,1,0,1,1_MPLKH
20241012,2,1,0,1,2_MPLKH
20241012,2,1,0,1,78_MPLKH
20241013,3,1,0,1,79_MPLKH
20241013,3,1,0,1,3_MPLKH
20241014,1,1,0,1,1_MPLKH
20241014,1,1,0,1,77_MPLKH
20241015,1,1,0,1,77_MPLKH
20241015,1,1,0,1,1_MPLKH
20241016,1,1,0,1,1_MPLKH
20241016,1,1,0,1,77_MPLKH
20241017,1,1,0,1,77_MPLKH
20241017,1,1,0,1,1_MPLKH
20241018,1,1,0,1,1_MPLKH
20241018,1,1,0,1,77_MPLKH
20241019,2,1,0,1,78_MPLKH
20241019,2,1,0,1,2_MPLKH
20241020,3,1,0,1,3_MPLKH
20241020,3,1,0,1,79_MPLKH
20241021,1,1,0,1,77_MPLKH
20241021,1,1,0,1,1_MPLKH
20241022,1,1,0,1,1_MPLKH
20241022,1,1,0,1,77_MPLKH
20241023,1,1,0,1,77_MPLKH
20241023,1,1,0,1,1_MPLKH
20241024,1,1,0,1,1_MPLKH
20241024,1,1,0,1,77_MPLKH
20241025,1,1,0,1,77_MPLKH
20241025,1,1,0,1,1_MPLKH
20241026,2,1,0,1,2_MPLKH
20241026,2,1,0,1,78_MPLKH
20241027,3,1,0,1,79_MPLKH
20241027,3,1,0,1,3_MPLKH
20241028,1,1,0,1,1_MPLKH
20241028,1,1,0,1,77_MPLKH
20241029,1,1,0,1,77_MPLKH
20241029,1,1,0,1,1_MPLKH
20241030,1,1,0,1,1_MPLKH
20241030,1,1,0,1,77_MPLKH
20241031,1,1,0,1,77_MPLKH
20241031,1,1,0,1,1_MPLKH
20241101,3,1,1,1,3_MPLKH
20241101,3,1,1,1,91_MPLKH
20241102,2,1,0,1,92_MPLKH
20241102,2,1,0,1,2_MPLKH
20241103,3,1,0,1,3_MPLKH
20241103,3,1,0,1,93_MPLKH
20241104,1,1,0,1,91_MPLKH
20241104,1,1,0,1,1_MPLKH
20241105,1,1,0,1,1_MPLKH
20241105,1,1,0,1,91_MPLKH
20241106,1,1,0,1,91_MPLKH
20241106,1,1,0,1,1_MPLKH
20241107,1,1,0,1,1_MPLKH
20241107,1,1,0,1,91_MPLKH
20241108,1,1,0,1,91_MPLKH
20241108,1,1,0,1,1_MPLKH
20241109,2,1,0,1,2_MPLKH
20241109,2,1,0,1,92_MPLKH
20241110,3,1,0,1,93_MPLKH
20241110,3,1,0,1,3_MPLKH
20241111,1,1,0,1,1_MPLKH
20241111,1,1,0,1,91_MPLKH
20241112,1,1,0,1,91_MPLKH
20241112,1,1,0,1,1_MPLKH
20241113,1,1,0,1,1_MPLKH
20241113,1,1,0,1,91_MPLKH
20241114,1,1,0,1,91_MPLKH
20241114,1,1,0,1,1_MPLKH
20241115,1,1,0,1,1_MPLKH
20241115,1,1,0,1,91_MPLKH
20241116,2,1,0,1,92_MPLKH
20241116,2,1,0,1,2_MPLKH
20241117,3,1,0,1,3_MPLKH
20241117,3,1,0,1,93_MPLKH
20241118,1,1,0,1,91_MPLKH
20241118,1,1,0,1,1_MPLKH
20241119,1,1,0,1,1_MPLKH
20241119,1,1,0,1,91_MPLKH
20241120,1,1,0,1,91_MPLKH
20241120,1,1,0,1,1_MPLKH
20241121,1,1,0,1,1_MPLKH
20241121,1,1,0,1,91_MPLKH
20241122,1,1,0,1,91_MPLKH
20241122,1,1,0,1,1_MPLKH
20241123,2,1,0,1,2_MPLKH
20241123,2,1,0,1,92_MPLKH
20241124,3,1,0,1,93_MPLKH
20241124,3,1,0,1,3_MPLKH
20241125,1,1,0,1,1_MPLKH
20241125,1,1,0,1,91_MPLKH
20241126,1,1,0,1,91_MPLKH
20241126,1,1,0,1,1_MPLKH
20241127,1,1,0,1,1_MPLKH
20241127,1,1,0,1,91_MPLKH
20241128,1,1,0,1,91_MPLKH
20241128,1,1,0,1,1_MPLKH
20241129,1,1,0,1,1_MPLKH
20241129,1,1,0,1,91_MPLKH
20241130,2,1,0,1,92_MPLKH
20241130,2,1,0,1,2_MPLKH
20241201,3,1,1,1,3_MPLKH
20241201,3,1,1,1,93_MPLKH
20241202,1,1,0,1,91_MPLKH
20241202,1,1,0,1,1_MPLKH
20241203,1,1,0,1,1_MPLKH
20241203,1,1,0,1,91_MPLKH
20241204,1,1,0,1,91_MPLKH
20241204,1,1,0,1,1_MPLKH
20241205,1,1,0,1,1_MPLKH
20241205,1,1,0,1,91_MPLKH
20241206,1,1,0,1,91_MPLKH
20241206,1,1,0,1,1_MPLKH
20241207,2,1,0,1,2_MPLKH
20241207,2,1,0,1,92_MPLKH
20241208,3,1,1,1,93_MPLKH
20241208,3,1,1,1,3_MPLKH
20241209,1,1,0,1,1_MPLKH
20241209,1,1,0,1,91_MPLKH
20241210,1,1,0,1,91_MPLKH
20241210,1,1,0,1,1_MPLKH
20241211,1,1,0,1,1_MPLKH
20241211,1,1,0,1,91_MPLKH
20241212,1,1,0,1,91_MPLKH
20241212,1,1,0,1,1_MPLKH
20241213,1,1,0,1,1_MPLKH
20241213,1,1,0,1,91_MPLKH
20241214,2,1,0,1,92_MPLKH
20241214,2,1,0,1,2_MPLKH
20241215,3,1,0,1,3_MPLKH
20241215,3,1,0,1,93_MPLKH
20241216,1,1,0,1,91_MPLKH
20241216,1,1,0,1,1_MPLKH
20241217,1,1,0,1,1_MPLKH
20241217,1,1,0,1,91_MPLKH
20241218,1,1,0,1,91_MPLKH
20241218,1,1,0,1,1_MPLKH
20241219,1,1,0,1,1_MPLKH
20241219,1,1,0,1,91_MPLKH
20241220,1,1,0,1,91_MPLKH
20241220,1,1,0,1,1_MPLKH
20241221,2,1,0,2,5_MPLKH
20241221,2,1,0,2,95_MPLKH
20241222,3,1,0,2,96_MPLKH
20241222,3,1,0,2,6_MPLKH
20241223,1,1,0,2,4_MPLKH
20241224,1,1,0,2,15_MPLKH
20241225,3,1,1,2,36_MPLKH
20241226,1,1,0,2,4_MPLKH
20241227,1,1,0,2,4_MPLKH
20241228,2,1,0,2,5_MPLKH
20241229,3,1,0,2,6_MPLKH
20241230,1,1,0,2,4_MPLKH
20241231,1,1,0,2,15_MPLKH
20250101,3,1,1,2,36_MPLKH
20250102,1,1,0,2,4_MPLKH
20250103,1,1,0,2,4_MPLKH
20250104,2,1,0,2,5_MPLKH
20250105,3,1,0,2,6_MPLKH
20240701,1,1,0,3,VER_DU_UYRQQ
20240702,1,1,0,3,VER_DU_UYRQQ
20240703,1,1,0,3,VER_DU_UYRQQ
20240704,1,1,0,3,VER_DU_UYRQQ
20240705,1,1,0,3,SUMOL_UYRQQ
20240705,1,1,0,3,VER_DU_UYRQQ
20240706,2,1,0,3,VER_SAB_UYRQQ
20240706,2,1,0,3,SUMOL_UYRQQ
20240707,3,1,0,3,VER_DOM_UYRQQ
20240707,3,1,0,3,VER_DOM1_UYRQQ
20240708,1,1,0,3,VER_DU_UYRQQ
20240709,1,1,0,3,VER_DU_UYRQQ
20240710,1,1,0,3,VER_DU_UYRQQ
20240711,1,1,0,3,VER_DU_UYRQQ
20240712,1,1,0,3,VER_DU_UYRQQ
20240713,2,1,0,3,VER_SAB_UYRQQ
20240714,3,1,0,3,VER_DOM_UYRQQ
20240715,1,1,0,3,VER_DU_UYRQQ
20240716,1,1,0,3,VER_DU_UYRQQ
20240717,1,1,0,3,VER_DU_UYRQQ
20240718,1,1,0,3,VER_DU_UYRQQ
20240718,3,1,1,3,SBSR_UYRQQ
20240719,1,1,0,3,VER_DU_UYRQQ
20240719,3,1,1,3,SBSR_UYRQQ
20240720,2,1,0,3,VER_SAB_UYRQQ
20240720,3,1,1,3,SBSR_UYRQQ
20240721,3,1,0,3,VER_DOM_UYRQQ
20240722,1,1,0,3,VER_DU_UYRQQ
20240723,1,1,0,3,VER_DU_UYRQQ
20240724,1,1,0,3,VER_DU_UYRQQ
20240725,1,1,0,3,VER_DU_UYRQQ
20240726,1,1,0,3,VER_DU_UYRQQ
20240727,2,1,0,3,VER_SAB_UYRQQ
20240728,3,1,0,3,VER_DOM_UYRQQ
20240729,1,1,0,3,VER_DU_UYRQQ
20240730,1,1,0,3,VER_DU_UYRQQ
20240731,1,1,0,3,VER_DU_UYRQQ
20240801,1,1,0,3,VER_DU_UYRQQ
20240802,1,1,0,3,VER_DU_UYRQQ
20240803,2,1,0,3,VER_SAB_UYRQQ
20240804,3,1,0,3,VER_DOM_UYRQQ
20240804,3,1,0,3,VER_DOM1_UYRQQ
20240805,1,1,0,3,VER_DU_UYRQQ
20240806,1,1,0,3,VER_DU_UYRQQ
20240807,1,1,0,3,VER_DU_UYRQQ
20240808,1,1,0,3,VER_DU_UYRQQ
20240809,1,1,0,3,VER_DU_UYRQQ
20240810,2,1,0,3,VER_SAB_UYRQQ
20240811,3,1,0,3,VER_DOM_UYRQQ
20240812,1,1,0,3,VER_DU_UYRQQ
20240813,1,1,0,3,VER_DU_UYRQQ
20240814,1,1,0,3,VER_DU_UYRQQ
20240815,3,1,1,3,VER_DOM_UYRQQ
20240815,3,1,1,3,SOL15_UYRQQ
20240816,1,1,0,3,VER_DU_UYRQQ
20240816,1,1,0,3,SOL16_UYRQQ
20240817,2,1,0,3,VER_SAB_UYRQQ
20240817,2,1,0,3,SOL17_UYRQQ
20240818,3,1,0,3,VER_DOM_UYRQQ
20240818,3,1,0,3,SOL18_UYRQQ
20240819,1,1,0,3,VER_DU_UYRQQ
20240820,1,1,0,3,VER_DU_UYRQQ
20240821,1,1,0,3,VER_DU_UYRQQ
20240822,1,1,0,3,VER_DU_UYRQQ
20240823,1,1,0,3,VER_DU_UYRQQ
20240824,2,1,0,3,VER_SAB_UYRQQ
20240825,3,1,0,3,VER_DOM_UYRQQ
20240826,1,1,0,3,VER_DU_UYRQQ
20240827,1,1,0,3,VER_DU_UYRQQ
20240828,1,1,0,3,VER_DU_UYRQQ
20240829,1,1,0,3,VER_DU_UYRQQ
20240830,1,1,0,3,VER_DU_UYRQQ
20240831,2,1,0,3,VER_SAB_UYRQQ
20240901,3,1,0,3,VER_DOM_UYRQQ
20240901,3,1,0,3,VER_DOM1_UYRQQ
20240902,1,1,0,2,FER_DU_UYRQQ
20240902,1,1,0,1,3223_UYRQQ
20240903,1,1,0,2,FER_DU_UYRQQ
20240903,1,1,0,1,3223_UYRQQ
20240904,1,1,0,2,FER_DU_UYRQQ
20240904,1,1,0,1,3223_UYRQQ
20240905,1,1,0,2,FER_DU_UYRQQ
20240905,1,1,0,1,3223_UYRQQ
20240906,1,1,0,2,AVT06_UYRQQ
20240906,1,1,0,2,FER_DU_UYRQQ
20240906,1,1,0,1,3223_UYRQQ
20240907,2,1,0,2,AVT07_UYRQQ
20240907,2,1,0,2,FER_SAB_UYRQQ
20240907,2,1,0,1,3223_UYRQQ
20240908,3,1,0,2,AVT08_UYRQQ
20240908,3,1,0,2,FER_DOM_UYRQQ
20240908,3,1,0,1,3223_UYRQQ
20240909,1,1,0,1,3223_UYRQQ
20240909,1,1,0,1,ESC_DU_UYRQQ
20240910,1,1,0,1,3223_UYRQQ
20240910,1,1,0,1,ESC_DU_UYRQQ
20240911,1,1,0,1,3223_UYRQQ
20240911,1,1,0,1,ESC_DU_UYRQQ
20240912,1,1,0,1,3223_UYRQQ
20240912,1,1,0,1,ESC_DU_UYRQQ
20240913,1,1,0,1,BG3009_UYRQQ
20240913,1,1,0,1,3223_UYRQQ
20240913,1,1,0,1,ESC_DU_UYRQQ
20240914,2,1,0,1,3223_UYRQQ
20240914,2,1,0,1,ESC_SAB_UYRQQ
20240915,3,1,0,1,3223_UYRQQ
20240915,3,1,0,1,ESC_DOM_UYRQQ
20240916,1,1,0,1,ESC_DU_UYRQQ
20240917,1,1,0,1,ESC_DU_UYRQQ
20240918,1,1,0,1,ESC_DU_UYRQQ
20240919,1,1,0,1,ESC_DU_UYRQQ
20240920,1,1,0,1,ESC_DU_UYRQQ
20240921,2,1,0,1,ESC_SAB_UYRQQ
20240922,3,1,0,1,ESC_DOM_UYRQQ
20240923,1,1,0,1,ESC_DU_UYRQQ
20240924,1,1,0,1,ESC_DU_UYRQQ
20240925,1,1,0,1,ESC_DU_UYRQQ
20240926,1,1,0,1,ESC_DU_UYRQQ
20240927,1,1,0,1,TCP3009_UYRQQ
20240927,1,1,0,1,ESC_DU_UYRQQ
20240928,2,1,0,1,ESC_SAB_UYRQQ
20240929,3,1,0,1,ESC_DOM_UYRQQ
20240930,1,1,0,1,ESC_DU_UYRQQ
20241001,1,1,0,1,ESC_DU_UYRQQ
20241002,1,1,0,1,ESC_DU_UYRQQ
20241003,1,1,0,1,ESC_DU_UYRQQ
20241004,1,1,0,1,ESC_DU_UYRQQ
20241005,3,1,1,1,ESC_DOM_UYRQQ
20241006,3,1,0,1,ESC_DOM_UYRQQ
20241006,3,1,0,1,ESC_DOM1_UYRQQ
20241007,1,1,0,1,ESC_DU_UYRQQ
20241008,1,1,0,1,ESC_DU_UYRQQ
20241009,1,1,0,1,ESC_DU_UYRQQ
20241010,1,1,0,1,ESC_DU_UYRQQ
20241011,1,1,0,1,ESC_DU_UYRQQ
20241012,2,1,0,1,ESC_SAB_UYRQQ
20241013,3,1,0,1,ESC_DOM_UYRQQ
20241014,1,1,0,1,ESC_DU_UYRQQ
20241015,1,1,0,1,ESC_DU_UYRQQ
20241016,1,1,0,1,ESC_DU_UYRQQ
20241017,1,1,0,1,ESC_DU_UYRQQ
20241018,1,1,0,1,ESC_DU_UYRQQ
20241019,2,1,0,1,ESC_SAB_UYRQQ
20241020,3,1,0,1,ESC_DOM_UYRQQ
20241021,1,1,0,1,ESC_DU_UYRQQ
20241022,1,1,0,1,ESC_DU_UYRQQ
20241023,1,1,0,1,ESC_DU_UYRQQ
20241024,1,1,0,1,ESC_DU_UYRQQ
20241025,1,1,0,1,ESC_DU_UYRQQ
20241026,2,1,0,1,ESC_SAB_UYRQQ
20241027,3,1,0,1,ESC_DOM_UYRQQ
20241028,1,1,0,1,ESC_DU_UYRQQ
20241029,1,1,0,1,ESC_DU_UYRQQ
20241030,1,1,0,1,ESC_DU_UYRQQ
20241031,1,1,0,1,ESC_DU_UYRQQ
20241101,3,1,1,1,ESC_DOM_UYRQQ
20241102,2,1,0,1,ESC_SAB_UYRQQ
20241103,3,1,0,1,ESC_DOM_UYRQQ
20241103,3,1,0,1,ESC_DOM1_UYRQQ
20241104,1,1,0,1,ESC_DU_UYRQQ
20241105,1,1,0,1,ESC_DU_UYRQQ
20241106,1,1,0,1,ESC_DU_UYRQQ
20241107,1,1,0,1,ESC_DU_UYRQQ
20241108,1,1,0,1,ESC_DU_UYRQQ
20241109,2,1,0,1,ESC_SAB_UYRQQ
20241110,3,1,0,1,ESC_DOM_UYRQQ
20241111,1,1,0,1,ESC_DU_UYRQQ
20241112,1,1,0,1,ESC_DU_UYRQQ
20241113,1,1,0,1,ESC_DU_UYRQQ
20241114,1,1,0,1,ESC_DU_UYRQQ
20241115,1,1,0,1,ESC_DU_UYRQQ
20241116,2,1,0,1,ESC_SAB_UYRQQ
20241117,3,1,0,1,ESC_DOM_UYRQQ
20241118,1,1,0,1,ESC_DU_UYRQQ
20241119,1,1,0,1,ESC_DU_UYRQQ
20241120,1,1,0,1,ESC_DU_UYRQQ
20241121,1,1,0,1,ESC_DU_UYRQQ
20241122,1,1,0,1,ESC_DU_UYRQQ
20241123,2,1,0,1,ESC_SAB_UYRQQ
20241124,3,1,0,1,ESC_DOM_UYRQQ
20241125,1,1,0,1,ESC_DU_UYRQQ
20241126,1,1,0,1,ESC_DU_UYRQQ
20241127,1,1,0,1,ESC_DU_UYRQQ
20241128,1,1,0,1,ESC_DU_UYRQQ
20241129,1,1,0,1,ESC_DU_UYRQQ
20241130,2,1,0,1,ESC_SAB_UYRQQ
20241201,3,1,0,1,ESC_DOM_UYRQQ
20241201,3,1,0,1,ESC_DOM1_UYRQQ
20241202,1,1,0,1,ESC_DU_UYRQQ
20241203,1,1,0,1,ESC_DU_UYRQQ
20241204,1,1,0,1,ESC_DU_UYRQQ
20241205,1,1,0,1,ESC_DU_UYRQQ
20241206,1,1,0,1,ESC_DU_UYRQQ
20241207,2,1,0,1,ESC_SAB_UYRQQ
20241208,3,1,1,1,ESC_DOM_UYRQQ
20241209,1,1,0,1,ESC_DU_UYRQQ
20241210,1,1,0,1,ESC_DU_UYRQQ
20241211,1,1,0,1,ESC_DU_UYRQQ
20241212,1,1,0,1,ESC_DU_UYRQQ
20241213,1,1,0,1,ESC_DU_UYRQQ
20241214,2,1,0,1,ESC_SAB_UYRQQ
20241215,3,1,0,1,ESC_DOM_UYRQQ
20241216,1,1,0,1,ESC_DU_UYRQQ
20241217,1,1,0,1,ESC_DU_UYRQQ
20241218,1,1,0,1,ESC_DU_UYRQQ
20241219,1,1,0,1,ESC_DU_UYRQQ
20241220,1,1,0,1,ESC_DU_UYRQQ
20241221,2,1,0,2,FER_SAB_UYRQQ
20241222,3,1,0,2,FER_DOM_UYRQQ
20241223,1,1,0,2,FER_DU_UYRQQ
20241224,1,1,0,2,F24DEZ_UYRQQ
20241225,3,1,1,2,F25DEZ_UYRQQ
20241226,1,1,0,2,FER_DU_UYRQQ
20241227,1,1,0,2,FER_DU_UYRQQ
20241228,2,1,0,2,FER_SAB_UYRQQ
20241229,3,1,0,2,FER_DOM_UYRQQ
20241230,1,1,0,2,FER_DU_UYRQQ
20241231,1,1,0,2,F31DEZ_UYRQQ
20250101,3,1,1,2,F01JAN_UYRQQ
20250102,1,1,0,2,FER_DU_UYRQQ
20250103,1,1,0,2,FER_DU_UYRQQ
20250104,2,1,0,2,FER_SAB_UYRQQ
20250105,3,1,0,2,FER_DOM1_UYRQQ
20250105,3,1,0,2,FER_DOM_UYRQQ
20250106,1,1,0,1,ESC_DU_UYRQQ
20250107,1,1,0,1,ESC_DU_UYRQQ
20250108,1,1,0,1,ESC_DU_UYRQQ
20250109,1,1,0,1,ESC_DU_UYRQQ
20250110,1,1,0,1,ESC_DU_UYRQQ
20250111,2,1,0,1,ESC_SAB_UYRQQ
20250112,3,1,0,1,ESC_DOM_UYRQQ
20250113,1,1,0,1,ESC_DU_UYRQQ
20250114,1,1,0,1,ESC_DU_UYRQQ
20250115,1,1,0,1,ESC_DU_UYRQQ
20250116,1,1,0,1,ESC_DU_UYRQQ
20250117,1,1,0,1,ESC_DU_UYRQQ
20250118,2,1,0,1,ESC_SAB_UYRQQ
20250119,3,1,0,1,ESC_DOM_UYRQQ
20250120,1,1,0,1,ESC_DU_UYRQQ
20250121,1,1,0,1,ESC_DU_UYRQQ
20250122,1,1,0,1,ESC_DU_UYRQQ
20250123,1,1,0,1,ESC_DU_UYRQQ
20250124,1,1,0,1,ESC_DU_UYRQQ
20250125,2,1,0,1,ESC_SAB_UYRQQ
20250126,3,1,0,1,ESC_DOM_UYRQQ
20250127,1,1,0,1,ESC_DU_UYRQQ
20250128,1,1,0,1,ESC_DU_UYRQQ
20250129,1,1,0,1,ESC_DU_UYRQQ
20250130,1,1,0,1,ESC_DU_UYRQQ
20250131,1,1,0,1,ESC_DU_UYRQQ
20250201,2,1,0,1,ESC_SAB_UYRQQ
20250202,3,1,0,1,ESC_DOM1_UYRQQ
20250202,3,1,0,1,ESC_DOM_UYRQQ
20250203,1,1,0,1,ESC_DU_UYRQQ
20250204,1,1,0,1,ESC_DU_UYRQQ
20250205,1,1,0,1,ESC_DU_UYRQQ
20250206,1,1,0,1,ESC_DU_UYRQQ
20250207,1,1,0,1,ESC_DU_UYRQQ
20250208,2,1,0,1,ESC_SAB_UYRQQ
20250209,3,1,0,1,ESC_DOM_UYRQQ
20250210,1,1,0,1,ESC_DU_UYRQQ
20250211,1,1,0,1,ESC_DU_UYRQQ
20250212,1,1,0,1,ESC_DU_UYRQQ
20250213,1,1,0,1,ESC_DU_UYRQQ
20250214,1,1,0,1,ESC_DU_UYRQQ
20250215,2,1,0,1,ESC_SAB_UYRQQ
20250216,3,1,0,1,ESC_DOM_UYRQQ
20250217,1,1,0,1,ESC_DU_UYRQQ
20250218,1,1,0,1,ESC_DU_UYRQQ
20250219,1,1,0,1,ESC_DU_UYRQQ
20250220,1,1,0,1,ESC_DU_UYRQQ
20250221,1,1,0,1,ESC_DU_UYRQQ
20250222,2,1,0,1,ESC_SAB_UYRQQ
20250223,3,1,0,1,ESC_DOM_UYRQQ
20250224,1,1,0,1,ESC_DU_UYRQQ
20250225,1,1,0,1,ESC_DU_UYRQQ
20250226,1,1,0,1,ESC_DU_UYRQQ
20250227,1,1,0,1,ESC_DU_UYRQQ
20250228,1,1,0,1,ESC_DU_UYRQQ
20250301,2,1,0,1,ESC_SAB_UYRQQ
20250302,3,1,0,1,ESC_DOM1_UYRQQ
20250302,3,1,0,1,ESC_DOM_UYRQQ
20250303,1,1,0,1,ESC_DU_UYRQQ
20250304,1,1,0,2,FER_DU_UYRQQ
20250305,1,1,0,1,ESC_DU_UYRQQ
20250306,1,1,0,1,ESC_DU_UYRQQ
20250307,1,1,0,1,ESC_DU_UYRQQ
20250308,2,1,0,1,ESC_SAB_UYRQQ
20250309,3,1,0,1,ESC_DOM_UYRQQ
20250310,1,1,0,1,ESC_DU_UYRQQ
20250311,1,1,0,1,ESC_DU_UYRQQ
20250312,1,1,0,1,ESC_DU_UYRQQ
20250313,1,1,0,1,ESC_DU_UYRQQ
20250314,1,1,0,1,ESC_DU_UYRQQ
20250315,2,1,0,1,ESC_SAB_UYRQQ
20250316,3,1,0,1,ESC_DOM_UYRQQ
20250317,1,1,0,1,ESC_DU_UYRQQ
20250318,1,1,0,1,ESC_DU_UYRQQ
20250319,1,1,0,1,ESC_DU_UYRQQ
20250320,1,1,0,1,ESC_DU_UYRQQ
20250321,1,1,0,1,ESC_DU_UYRQQ
20250322,2,1,0,1,ESC_SAB_UYRQQ
20250323,3,1,0,1,ESC_DOM_UYRQQ
20250324,1,1,0,1,ESC_DU_UYRQQ
20250325,1,1,0,1,ESC_DU_UYRQQ
20250326,1,1,0,1,ESC_DU_UYRQQ
20250327,1,1,0,1,ESC_DU_UYRQQ
20250328,1,1,0,1,ESC_DU_UYRQQ
20250329,2,1,0,1,ESC_SAB_UYRQQ
20250330,3,1,0,1,ESC_DOM_UYRQQ
20250331,1,1,0,1,ESC_DU_UYRQQ
20250401,1,1,0,1,ESC_DU_UYRQQ
20250402,1,1,0,1,ESC_DU_UYRQQ
20250403,1,1,0,1,ESC_DU_UYRQQ
20250404,1,1,0,1,ESC_DU_UYRQQ
20250405,2,1,0,1,ESC_SAB_UYRQQ
20250406,3,1,0,1,ESC_DOM1_UYRQQ
20250406,3,1,0,1,ESC_DOM_UYRQQ
20250407,1,1,0,1,ESC_DU_UYRQQ
20250408,1,1,0,1,ESC_DU_UYRQQ
20250409,1,1,0,1,ESC_DU_UYRQQ
20250410,1,1,0,1,ESC_DU_UYRQQ
20250411,1,1,0,1,ESC_DU_UYRQQ
20250412,2,1,0,1,ESC_SAB_UYRQQ
20250413,3,1,0,1,ESC_DOM_UYRQQ
20250414,1,1,0,1,ESC_DU_UYRQQ
20250415,1,1,0,1,ESC_DU_UYRQQ
20250416,1,1,0,1,ESC_DU_UYRQQ
20250417,1,1,0,2,FER_DU_UYRQQ
20250418,3,1,1,2,FER_DOM_UYRQQ
20250419,2,1,0,2,FER_SAB_UYRQQ
20250420,3,1,1,2,FER_DOM_UYRQQ
20250421,1,1,0,2,FER_DU_UYRQQ
20250422,1,1,0,2,FER_DU_UYRQQ
20250423,1,1,0,1,ESC_DU_UYRQQ
20250424,1,1,0,1,ESC_DU_UYRQQ
20250425,3,1,1,1,ESC_DOM_UYRQQ
20250426,2,1,0,1,ESC_SAB_UYRQQ
20250427,3,1,0,1,ESC_DOM_UYRQQ
20250428,1,1,0,1,ESC_DU_UYRQQ
20250429,1,1,0,1,ESC_DU_UYRQQ
20250430,1,1,0,1,ESC_DU_UYRQQ
20250501,3,1,1,1,ESC_DOM_UYRQQ
20250502,1,1,0,1,ESC_DU_UYRQQ
20250503,2,1,0,1,ESC_SAB_UYRQQ
20250504,3,1,0,1,ESC_DOM1_UYRQQ
20250504,3,1,0,1,ESC_DOM_UYRQQ
20250505,1,1,0,1,ESC_DU_UYRQQ
20250506,1,1,0,1,ESC_DU_UYRQQ
20250507,1,1,0,1,ESC_DU_UYRQQ
20250508,1,1,0,1,ESC_DU_UYRQQ
20250509,1,1,0,1,ESC_DU_UYRQQ
20250510,2,1,0,1,ESC_SAB_UYRQQ
20250511,3,1,0,1,ESC_DOM_UYRQQ
20250512,1,1,0,1,ESC_DU_UYRQQ
20250513,1,1,0,1,ESC_DU_UYRQQ
20250514,1,1,0,1,ESC_DU_UYRQQ
20250515,1,1,0,1,ESC_DU_UYRQQ
20250516,1,1,0,1,ESC_DU_UYRQQ
20250517,2,1,0,1,ESC_SAB_UYRQQ
20250518,3,1,0,1,ESC_DOM_UYRQQ
20250519,1,1,0,1,ESC_DU_UYRQQ
20250520,1,1,0,1,ESC_DU_UYRQQ
20250521,1,1,0,1,ESC_DU_UYRQQ
20250522,1,1,0,1,ESC_DU_UYRQQ
20250523,1,1,0,1,ESC_DU_UYRQQ
20250524,2,1,0,1,ESC_SAB_UYRQQ
20250525,3,1,0,1,ESC_DOM_UYRQQ
20250526,1,1,0,1,ESC_DU_UYRQQ
20250527,1,1,0,1,ESC_DU_UYRQQ
20250528,1,1,0,1,ESC_DU_UYRQQ
20250529,1,1,0,1,ESC_DU_UYRQQ
20250530,1,1,0,1,ESC_DU_UYRQQ
20250531,2,1,0,1,ESC_SAB_UYRQQ
20250601,3,1,0,1,ESC_DOM1_UYRQQ
20250601,3,1,0,1,ESC_DOM_UYRQQ
20250602,1,1,0,1,ESC_DU_UYRQQ
20250603,1,1,0,1,ESC_DU_UYRQQ
20250604,1,1,0,1,ESC_DU_UYRQQ
20250605,1,1,0,1,ESC_DU_UYRQQ
20250606,1,1,0,1,ESC_DU_UYRQQ
20250607,2,1,0,1,ESC_SAB_UYRQQ
20250608,3,1,0,1,ESC_DOM_UYRQQ
20250609,1,1,0,1,ESC_DU_UYRQQ
20250610,3,1,1,1,ESC_DOM_UYRQQ
20250611,1,1,0,1,ESC_DU_UYRQQ
20250612,1,1,0,1,ESC_DU_UYRQQ
20250613,1,1,0,1,ESC_DU_UYRQQ
20250614,2,1,0,1,ESC_SAB_UYRQQ
20250615,3,1,0,1,ESC_DOM_UYRQQ
20250615,3,1,0,1,3223_UYRQQ
20250616,1,1,0,1,ESC_DU_UYRQQ
20250616,1,1,0,1,3223_UYRQQ
20250617,1,1,0,1,ESC_DU_UYRQQ
20250617,1,1,0,1,3223_UYRQQ
20250618,1,1,0,1,ESC_DU_UYRQQ
20250618,1,1,0,1,3223_UYRQQ
20250619,3,1,1,1,ESC_DOM_UYRQQ
20250620,1,1,0,1,ESC_DU_UYRQQ
20250620,1,1,0,1,3223_UYRQQ
20250621,2,1,0,1,ESC_SAB_UYRQQ
20250621,2,1,0,1,3223_UYRQQ
20250622,3,1,0,1,ESC_DOM_UYRQQ
20250622,3,1,0,1,3223_UYRQQ
20250623,1,1,0,1,ESC_DU_UYRQQ
20250623,1,1,0,1,3223_UYRQQ
20250624,1,1,0,1,ESC_DU_UYRQQ
20250624,1,1,0,1,3223_UYRQQ
20250625,1,1,0,1,ESC_DU_UYRQQ
20250625,1,1,0,1,3223_UYRQQ
20250626,1,1,0,1,ESC_DU_UYRQQ
20250626,1,1,0,1,3223_UYRQQ
20250627,1,1,0,1,ESC_DU_UYRQQ
20250627,1,1,0,1,3223_UYRQQ
20250628,2,1,0,1,ESC_SAB_UYRQQ
20250628,2,1,0,1,3223_UYRQQ
20250629,3,1,0,1,ESC_DOM_UYRQQ
20250629,3,1,0,1,3223_UYRQQ
20250630,1,1,0,1,ESC_DU_UYRQQ
20250630,1,1,0,1,3223_UYRQQ
20250117,1,1,0,1,2800_AEMLZ
20250122,1,1,0,1,3300_AEMLZ
20250101,3,1,1,2,1200_AEMLZ
20250206,1,1,0,1,4800_AEMLZ
20241226,1,1,0,2,600_AEMLZ
20250219,1,1,0,1,6100_AEMLZ
20241223,1,1,0,2,300_AEMLZ
20250108,1,1,0,1,1900_AEMLZ
20250123,1,1,0,1,3400_AEMLZ
20250202,3,1,0,1,4400_AEMLZ
20250105,3,1,0,2,1600_AEMLZ
20250211,1,1,0,1,5300_AEMLZ
20250215,2,1,0,1,5700_AEMLZ
20250115,1,1,0,1,2600_AEMLZ
20250213,1,1,0,1,5500_AEMLZ
20250107,1,1,0,1,1800_AEMLZ
20241231,1,1,0,2,1100_AEMLZ
20250109,1,1,0,1,2000_AEMLZ
20250217,1,1,0,1,5900_AEMLZ
20250124,1,1,0,1,3500_AEMLZ
20250113,1,1,0,1,2400_AEMLZ
20250203,1,1,0,1,4500_AEMLZ
20250131,1,1,0,1,4200_AEMLZ
20250224,1,1,0,1,6600_AEMLZ
20250106,1,1,0,1,1700_AEMLZ
20250104,2,1,0,2,1500_AEMLZ
20250226,1,1,0,1,6800_AEMLZ
20250119,3,1,0,1,3000_AEMLZ
20241227,1,1,0,2,700_AEMLZ
20250207,1,1,0,1,4900_AEMLZ
20241221,2,1,0,2,100_AEMLZ
20250130,1,1,0,1,4100_AEMLZ
20250112,3,1,0,1,2300_AEMLZ
20250127,1,1,0,1,3800_AEMLZ
20250228,1,1,0,1,7000_AEMLZ
20250120,1,1,0,1,3100_AEMLZ
20250225,1,1,0,1,6700_AEMLZ
20250221,1,1,0,1,6300_AEMLZ
20241224,1,1,0,2,400_AEMLZ
20250128,1,1,0,1,3900_AEMLZ
20250208,2,1,0,1,5000_AEMLZ
20250227,1,1,0,1,6900_AEMLZ
20250103,1,1,0,2,1400_AEMLZ
20250214,1,1,0,1,5600_AEMLZ
20241225,3,1,1,2,500_AEMLZ
20250222,2,1,0,1,6400_AEMLZ
20250110,1,1,0,1,2100_AEMLZ
20250116,1,1,0,1,2700_AEMLZ
20250220,1,1,0,1,6200_AEMLZ
20250118,2,1,0,1,2900_AEMLZ
20241230,1,1,0,2,1000_AEMLZ
20241229,3,1,0,2,900_AEMLZ
20250204,1,1,0,1,4600_AEMLZ
20250125,2,1,0,1,3600_AEMLZ
20250218,1,1,0,1,6000_AEMLZ
20241222,3,1,0,2,200_AEMLZ
20250111,2,1,0,1,2200_AEMLZ
20250126,3,1,0,1,3700_AEMLZ
20250223,3,1,0,1,6500_AEMLZ
20250201,2,1,0,1,4300_AEMLZ
20250121,1,1,0,1,3200_AEMLZ
20250210,1,1,0,1,5200_AEMLZ
20250209,3,1,0,1,5100_AEMLZ
20250114,1,1,0,1,2500_AEMLZ
20250129,1,1,0,1,4000_AEMLZ
20250205,1,1,0,1,4700_AEMLZ
20250212,1,1,0,1,5400_AEMLZ
20241228,2,1,0,2,800_AEMLZ
20250216,3,1,0,1,5800_AEMLZ
20250102,1,1,0,2,1300_AEMLZ
20250106,1,1,0,1,1_BDUOM
20250106,1,1,0,1,91_BDUOM
20250107,1,1,0,1,91_BDUOM
20250107,1,1,0,1,1_BDUOM
20250108,1,1,0,1,1_BDUOM
20250108,1,1,0,1,91_BDUOM
20250109,1,1,0,1,91_BDUOM
20250109,1,1,0,1,1_BDUOM
20250110,1,1,0,1,1_BDUOM
20250110,1,1,0,1,91_BDUOM
20250111,2,1,0,1,92_BDUOM
20250111,2,1,0,1,2_BDUOM
20250112,3,1,0,1,3_BDUOM
20250112,3,1,0,1,93_BDUOM
20250113,1,1,0,1,91_BDUOM
20250113,1,1,0,1,1_BDUOM
20250114,1,1,0,1,1_BDUOM
20250114,1,1,0,1,91_BDUOM
20250115,1,1,0,1,91_BDUOM
20250115,1,1,0,1,1_BDUOM
20250116,1,1,0,1,1_BDUOM
20250116,1,1,0,1,91_BDUOM
20250117,1,1,0,1,91_BDUOM
20250117,1,1,0,1,1_BDUOM
20250118,2,1,0,1,2_BDUOM
20250118,2,1,0,1,92_BDUOM
20250119,3,1,0,1,93_BDUOM
20250119,3,1,0,1,3_BDUOM
20250120,1,1,0,1,1_BDUOM
20250120,1,1,0,1,91_BDUOM
20250121,1,1,0,1,91_BDUOM
20250121,1,1,0,1,1_BDUOM
20250122,1,1,0,1,1_BDUOM
20250122,1,1,0,1,91_BDUOM
20250123,1,1,0,1,91_BDUOM
20250123,1,1,0,1,1_BDUOM
20250124,1,1,0,1,1_BDUOM
20250124,1,1,0,1,91_BDUOM
20250125,2,1,0,1,92_BDUOM
20250125,2,1,0,1,2_BDUOM
20250126,3,1,0,1,3_BDUOM
20250126,3,1,0,1,93_BDUOM
20250127,1,1,0,1,91_BDUOM
20250127,1,1,0,1,1_BDUOM
20250128,1,1,0,1,1_BDUOM
20250128,1,1,0,1,91_BDUOM
20250129,1,1,0,1,91_BDUOM
20250129,1,1,0,1,1_BDUOM
20250130,1,1,0,1,1_BDUOM
20250130,1,1,0,1,91_BDUOM
20250131,1,1,0,1,91_BDUOM
20250131,1,1,0,1,1_BDUOM
20250201,2,1,0,1,2_BDUOM
20250201,2,1,0,1,92_BDUOM
20250202,3,1,0,1,93_BDUOM
20250202,3,1,0,1,3_BDUOM
20250203,1,1,0,1,1_BDUOM
20250203,1,1,0,1,91_BDUOM
20250204,1,1,0,1,91_BDUOM
20250204,1,1,0,1,1_BDUOM
20250205,1,1,0,1,1_BDUOM
20250205,1,1,0,1,91_BDUOM
20250206,1,1,0,1,91_BDUOM
20250206,1,1,0,1,1_BDUOM
20250207,1,1,0,1,1_BDUOM
20250207,1,1,0,1,91_BDUOM
20250208,2,1,0,1,92_BDUOM
20250208,2,1,0,1,2_BDUOM
20250209,3,1,0,1,3_BDUOM
20250209,3,1,0,1,93_BDUOM
20250210,1,1,0,1,11_BDUOM
20250210,1,1,0,1,1_BDUOM
20250211,1,1,0,1,1_BDUOM
20250211,1,1,0,1,11_BDUOM
20250212,1,1,0,1,11_BDUOM
20250212,1,1,0,1,1_BDUOM
20250213,1,1,0,1,1_BDUOM
20250213,1,1,0,1,11_BDUOM
20250214,1,1,0,1,11_BDUOM
20250214,1,1,0,1,1_BDUOM
20250215,2,1,0,1,2_BDUOM
20250215,2,1,0,1,12_BDUOM
20250216,3,1,0,1,13_BDUOM
20250216,3,1,0,1,3_BDUOM
20250217,1,1,0,1,1_BDUOM
20250217,1,1,0,1,11_BDUOM
20250218,1,1,0,1,11_BDUOM
20250218,1,1,0,1,1_BDUOM
20250219,1,1,0,1,1_BDUOM
20250219,1,1,0,1,11_BDUOM
20250220,1,1,0,1,11_BDUOM
20250220,1,1,0,1,1_BDUOM
20250221,1,1,0,1,1_BDUOM
20250221,1,1,0,1,11_BDUOM
20250222,2,1,0,1,22_BDUOM
20250222,2,1,0,1,2_BDUOM
20250223,3,1,0,1,3_BDUOM
20250223,3,1,0,1,23_BDUOM
20250224,1,1,0,1,11_BDUOM
20250224,1,1,0,1,1_BDUOM
20250225,1,1,0,1,1_BDUOM
20250225,1,1,0,1,11_BDUOM
20250226,1,1,0,1,11_BDUOM
20250226,1,1,0,1,1_BDUOM
20250227,1,1,0,1,1_BDUOM
20250227,1,1,0,1,11_BDUOM
20250228,1,1,0,1,11_BDUOM
20250228,1,1,0,1,1_BDUOM
20250301,2,1,0,1,2_BDUOM
20250301,2,1,0,1,22_BDUOM
20250302,3,1,0,1,23_BDUOM
20250302,3,1,0,1,3_BDUOM
20250303,1,1,0,1,1_BDUOM
20250303,1,1,0,1,11_BDUOM
20250304,1,1,0,1,11_BDUOM
20250304,1,1,0,1,2_BDUOM
20250305,1,1,0,1,1_BDUOM
20250305,1,1,0,1,11_BDUOM
20250306,1,1,0,1,11_BDUOM
20250306,1,1,0,1,1_BDUOM
20250307,1,1,0,1,1_BDUOM
20250307,1,1,0,1,11_BDUOM
20250308,2,1,0,1,12_BDUOM
20250308,2,1,0,1,2_BDUOM
20250309,3,1,0,1,3_BDUOM
20250309,3,1,0,1,13_BDUOM
20250310,1,1,0,1,11_BDUOM
20250310,1,1,0,1,1_BDUOM
20250311,1,1,0,1,1_BDUOM
20250311,1,1,0,1,11_BDUOM
20250312,1,1,0,1,11_BDUOM
20250312,1,1,0,1,1_BDUOM
20250313,1,1,0,1,1_BDUOM
20250313,1,1,0,1,11_BDUOM
20250314,1,1,0,1,11_BDUOM
20250314,1,1,0,1,1_BDUOM
20250315,2,1,0,1,2_BDUOM
20250315,2,1,0,1,22_BDUOM
20250316,3,1,0,1,23_BDUOM
20250316,3,1,0,1,3_BDUOM
20250317,1,1,0,1,1_BDUOM
20250317,1,1,0,1,91_BDUOM
20250318,1,1,0,1,91_BDUOM
20250318,1,1,0,1,1_BDUOM
20250319,1,1,0,1,1_BDUOM
20250319,1,1,0,1,91_BDUOM
20250320,1,1,0,1,91_BDUOM
20250320,1,1,0,1,1_BDUOM
20250321,1,1,0,1,1_BDUOM
20250321,1,1,0,1,91_BDUOM
20250322,2,1,0,1,92_BDUOM
20250322,2,1,0,1,2_BDUOM
20250323,3,1,0,1,3_BDUOM
20250323,3,1,0,1,93_BDUOM
20250324,1,1,0,1,91_BDUOM
20250324,1,1,0,1,1_BDUOM
20250325,1,1,0,1,1_BDUOM
20250325,1,1,0,1,91_BDUOM
20250326,1,1,0,1,91_BDUOM
20250326,1,1,0,1,1_BDUOM
20250327,1,1,0,1,1_BDUOM
20250327,1,1,0,1,91_BDUOM
20250328,1,1,0,1,91_BDUOM
20250328,1,1,0,1,1_BDUOM
20250329,2,1,0,1,2_BDUOM
20250329,2,1,0,1,92_BDUOM
20250330,3,1,0,1,93_BDUOM
20250330,3,1,0,1,3_BDUOM
20250331,1,1,0,1,1_BDUOM
20250331,1,1,0,1,91_BDUOM
20250401,1,1,0,1,91_BDUOM
20250401,1,1,0,1,1_BDUOM
20250402,1,1,0,1,1_BDUOM
20250402,1,1,0,1,91_BDUOM
20250403,1,1,0,1,91_BDUOM
20250403,1,1,0,1,1_BDUOM
20250404,1,1,0,1,1_BDUOM
20250404,1,1,0,1,91_BDUOM
20250405,2,1,0,1,92_BDUOM
20250405,2,1,0,1,2_BDUOM
20250406,3,1,0,1,3_BDUOM
20250406,3,1,0,1,93_BDUOM
20250407,1,1,0,1,91_BDUOM
20250407,1,1,0,1,1_BDUOM
20250408,1,1,0,1,1_BDUOM
20250408,1,1,0,1,91_BDUOM
20250409,1,1,0,1,91_BDUOM
20250409,1,1,0,1,1_BDUOM
20250410,1,1,0,1,1_BDUOM
20250410,1,1,0,1,91_BDUOM
20250411,1,1,0,1,91_BDUOM
20250411,1,1,0,1,1_BDUOM
20250412,2,1,0,1,2_BDUOM
20250412,2,1,0,1,92_BDUOM
20250413,3,1,0,1,93_BDUOM
20250413,3,1,0,1,3_BDUOM
20250414,1,1,0,1,1_BDUOM
20250414,1,1,0,1,91_BDUOM
20250415,1,1,0,2,94_BDUOM
20250415,1,1,0,2,4_BDUOM
20250416,1,1,0,2,4_BDUOM
20250416,1,1,0,2,94_BDUOM
20250417,1,1,0,2,94_BDUOM
20250417,1,1,0,2,4_BDUOM
20250418,3,1,1,2,6_BDUOM
20250419,2,1,0,2,5_BDUOM
20250420,3,1,1,2,6_BDUOM
20250421,1,1,0,1,1_BDUOM
20250421,1,1,0,1,91_BDUOM
20250422,1,1,0,1,91_BDUOM
20250422,1,1,0,1,1_BDUOM
20250423,1,1,0,1,1_BDUOM
20250423,1,1,0,1,91_BDUOM
20250424,1,1,0,1,91_BDUOM
20250424,1,1,0,1,1_BDUOM
20250425,3,1,1,1,3_BDUOM
20250425,3,1,1,1,91_BDUOM
20250426,2,1,0,1,92_BDUOM
20250426,2,1,0,1,2_BDUOM
20250427,3,1,0,1,3_BDUOM
20250427,3,1,0,1,93_BDUOM
20250428,1,1,0,1,91_BDUOM
20250428,1,1,0,1,1_BDUOM
20250429,1,1,0,1,1_BDUOM
20250429,1,1,0,1,91_BDUOM
20250430,1,1,0,1,91_BDUOM
20250430,1,1,0,1,1_BDUOM
20250501,3,1,1,1,3_BDUOM
20250501,3,1,1,1,91_BDUOM
20250502,1,1,0,1,91_BDUOM
20250502,1,1,0,1,1_BDUOM
20250503,2,1,0,1,2_BDUOM
20250503,2,1,0,1,78_BDUOM
20250504,3,1,0,1,79_BDUOM
20250504,3,1,0,1,3_BDUOM
20250505,1,1,0,1,1_BDUOM
20250505,1,1,0,1,77_BDUOM
20250506,1,1,0,1,77_BDUOM
20250506,1,1,0,1,1_BDUOM
20250507,1,1,0,1,1_BDUOM
20250507,1,1,0,1,77_BDUOM
20250508,1,1,0,1,77_BDUOM
20250508,1,1,0,1,1_BDUOM
20250509,1,1,0,1,1_BDUOM
20250509,1,1,0,1,77_BDUOM
20250510,2,1,0,1,78_BDUOM
20250510,2,1,0,1,2_BDUOM
20250511,3,1,0,1,3_BDUOM
20250511,3,1,0,1,79_BDUOM
20250512,1,1,0,1,77_BDUOM
20250512,1,1,0,1,1_BDUOM
20250513,1,1,0,1,1_BDUOM
20250513,1,1,0,1,77_BDUOM
20250514,1,1,0,1,77_BDUOM
20250514,1,1,0,1,1_BDUOM
20250515,1,1,0,1,1_BDUOM
20250515,1,1,0,1,77_BDUOM
20250516,1,1,0,1,77_BDUOM
20250516,1,1,0,1,1_BDUOM
20250517,2,1,0,1,2_BDUOM
20250517,2,1,0,1,78_BDUOM
20250518,3,1,0,1,79_BDUOM
20250518,3,1,0,1,3_BDUOM
20250519,1,1,0,1,1_BDUOM
20250519,1,1,0,1,77_BDUOM
20250520,1,1,0,1,77_BDUOM
20250520,1,1,0,1,1_BDUOM
20250521,1,1,0,1,1_BDUOM
20250521,1,1,0,1,77_BDUOM
20250522,1,1,0,1,77_BDUOM
20250522,1,1,0,1,1_BDUOM
20250523,1,1,0,1,1_BDUOM
20250523,1,1,0,1,77_BDUOM
20250524,2,1,0,1,78_BDUOM
20250524,2,1,0,1,2_BDUOM
20250525,3,1,0,1,3_BDUOM
20250525,3,1,0,1,79_BDUOM
20250526,1,1,0,1,77_BDUOM
20250526,1,1,0,1,1_BDUOM
20250527,1,1,0,1,1_BDUOM
20250527,1,1,0,1,77_BDUOM
20250528,1,1,0,1,77_BDUOM
20250528,1,1,0,1,1_BDUOM
20250529,1,1,0,1,1_BDUOM
20250529,1,1,0,1,77_BDUOM
20250530,1,1,0,1,77_BDUOM
20250530,1,1,0,1,1_BDUOM
20250531,2,1,0,1,2_BDUOM
20250531,2,1,0,1,78_BDUOM
20250601,3,1,0,1,79_BDUOM
20250601,3,1,0,1,3_BDUOM
20250602,1,1,0,1,1_BDUOM
20250602,1,1,0,1,77_BDUOM
20250603,1,1,0,1,77_BDUOM
20250603,1,1,0,1,1_BDUOM
20250604,1,1,0,1,1_BDUOM
20250604,1,1,0,1,77_BDUOM
20250605,1,1,0,1,77_BDUOM
20250605,1,1,0,1,1_BDUOM
20250606,1,1,0,1,1_BDUOM
20250606,1,1,0,1,77_BDUOM
20250607,2,1,0,1,78_BDUOM
20250607,2,1,0,1,2_BDUOM
20250608,3,1,0,1,3_BDUOM
20250608,3,1,0,1,79_BDUOM
20250609,1,1,0,1,77_BDUOM
20250609,1,1,0,1,1_BDUOM
20250610,3,1,1,1,3_BDUOM
20250610,3,1,1,1,77_BDUOM
20250611,1,1,0,1,77_BDUOM
20250611,1,1,0,1,1_BDUOM
20250612,1,1,0,1,1_BDUOM
20250613,1,1,0,1,14_BDUOM
20250614,2,1,0,1,79_BDUOM
20250614,2,1,0,1,2_BDUOM
20250615,3,1,0,1,3_BDUOM
20250615,3,1,0,1,78_BDUOM
20250616,1,1,0,1,77_BDUOM
20250616,1,1,0,1,1_BDUOM
20250617,1,1,0,1,1_BDUOM
20250617,1,1,0,1,77_BDUOM
20250618,1,1,0,1,77_BDUOM
20250618,1,1,0,1,1_BDUOM
20250619,3,1,1,1,3_BDUOM
20250619,3,1,1,1,77_BDUOM
20250620,1,1,0,1,77_BDUOM
20250620,1,1,0,1,1_BDUOM
20250621,2,1,0,1,2_BDUOM
20250621,2,1,0,1,78_BDUOM
20250622,3,1,0,1,79_BDUOM
20250622,3,1,0,1,3_BDUOM
20250623,1,1,0,1,1_BDUOM
20250623,1,1,0,1,77_BDUOM
20250624,1,1,0,1,77_BDUOM
20250624,1,1,0,1,1_BDUOM
20250625,1,1,0,1,1_BDUOM
20250625,1,1,0,1,77_BDUOM
20250626,1,1,0,1,77_BDUOM
20250626,1,1,0,1,1_BDUOM
20250627,1,1,0,1,1_BDUOM
20250627,1,1,0,1,77_BDUOM
20250628,2,1,0,1,78_BDUOM
20250628,2,1,0,1,2_BDUOM
20250629,3,1,0,1,3_BDUOM
20250629,3,1,0,1,79_BDUOM
20250630,1,1,0,3,97_BDUOM
20250630,1,1,0,3,7_BDUOM
20250701,1,1,0,3,7_BDUOM
20250701,1,1,0,3,97_BDUOM
20250702,1,1,0,3,97_BDUOM
20250702,1,1,0,3,7_BDUOM
20250703,1,1,0,3,7_BDUOM
20250703,1,1,0,3,97_BDUOM
20250704,1,1,0,3,97_BDUOM
20250704,1,1,0,3,7_BDUOM
20250705,2,1,0,3,8_BDUOM
20250705,2,1,0,3,98_BDUOM
20250706,3,1,0,3,99_BDUOM
20250706,3,1,0,3,9_BDUOM
20250707,1,1,0,3,7_BDUOM
20250707,1,1,0,3,97_BDUOM
20250708,1,1,0,3,97_BDUOM
20250708,1,1,0,3,7_BDUOM
20250709,1,1,0,3,7_BDUOM
20250709,1,1,0,3,97_BDUOM
20250710,1,1,0,3,7_BDUOM
20250711,1,1,0,3,7_BDUOM
20250712,2,1,0,3,8_BDUOM
20250713,3,1,0,3,9_BDUOM
20250713,3,1,0,3,99_BDUOM
20250714,1,1,0,3,97_BDUOM
20250714,1,1,0,3,7_BDUOM
20250715,1,1,0,3,7_BDUOM
20250715,1,1,0,3,97_BDUOM
20250716,1,1,0,3,97_BDUOM
20250716,1,1,0,3,7_BDUOM
20250717,1,1,0,3,7_BDUOM
20250717,1,1,0,3,97_BDUOM
20250718,1,1,0,3,97_BDUOM
20250718,1,1,0,3,7_BDUOM
20250719,2,1,0,3,8_BDUOM
20250719,2,1,0,3,98_BDUOM
20250720,3,1,0,3,99_BDUOM
20250720,3,1,0,3,9_BDUOM
20250721,1,1,0,3,7_BDUOM
20250721,1,1,0,3,97_BDUOM
20250722,1,1,0,3,97_BDUOM
20250722,1,1,0,3,7_BDUOM
20250723,1,1,0,3,7_BDUOM
20250723,1,1,0,3,97_BDUOM
20250724,1,1,0,3,97_BDUOM
20250724,1,1,0,3,7_BDUOM
20250725,1,1,0,3,7_BDUOM
20250725,1,1,0,3,97_BDUOM
20250726,2,1,0,3,98_BDUOM
20250726,2,1,0,3,8_BDUOM
20250727,3,1,0,3,9_BDUOM
20250727,3,1,0,3,99_BDUOM
20250728,1,1,0,3,97_BDUOM
20250728,1,1,0,3,7_BDUOM
20250729,1,1,0,3,7_BDUOM
20250729,1,1,0,3,97_BDUOM
20250730,1,1,0,3,97_BDUOM
20250730,1,1,0,3,7_BDUOM
20250731,1,1,0,3,7_BDUOM
20250731,1,1,0,3,97_BDUOM
20250801,1,1,0,3,97_BDUOM
20250801,1,1,0,3,7_BDUOM
20250802,2,1,0,3,8_BDUOM
20250802,2,1,0,3,98_BDUOM
20250803,3,1,0,3,99_BDUOM
20250803,3,1,0,3,9_BDUOM
20250804,1,1,0,3,7_BDUOM
20250804,1,1,0,3,97_BDUOM
20250805,1,1,0,3,97_BDUOM
20250805,1,1,0,3,7_BDUOM
20250806,1,1,0,3,7_BDUOM
20250806,1,1,0,3,97_BDUOM
20250807,1,1,0,3,97_BDUOM
20250807,1,1,0,3,7_BDUOM
20250808,1,1,0,3,7_BDUOM
20250808,1,1,0,3,97_BDUOM
20250809,2,1,0,3,98_BDUOM
20250809,2,1,0,3,8_BDUOM
20250810,3,1,0,3,9_BDUOM
20250810,3,1,0,3,99_BDUOM
20250811,1,1,0,3,97_BDUOM
20250811,1,1,0,3,7_BDUOM
20250812,1,1,0,3,7_BDUOM
20250812,1,1,0,3,97_BDUOM
20250813,1,1,0,3,97_BDUOM
20250813,1,1,0,3,7_BDUOM
20250814,1,1,0,3,7_BDUOM
20250814,1,1,0,3,97_BDUOM
20250815,3,1,1,3,97_BDUOM
20250815,3,1,1,3,9_BDUOM
20250816,2,1,0,3,8_BDUOM
20250816,2,1,0,3,98_BDUOM
20250817,3,1,0,3,99_BDUOM
20250817,3,1,0,3,9_BDUOM
20250818,1,1,0,3,7_BDUOM
20250818,1,1,0,3,97_BDUOM
20250819,1,1,0,3,97_BDUOM
20250819,1,1,0,3,7_BDUOM
20250820,1,1,0,3,7_BDUOM
20250820,1,1,0,3,97_BDUOM
20250821,1,1,0,3,97_BDUOM
20250821,1,1,0,3,7_BDUOM
20250822,1,1,0,3,7_BDUOM
20250822,1,1,0,3,97_BDUOM
20250823,2,1,0,3,98_BDUOM
20250823,2,1,0,3,8_BDUOM
20250824,3,1,0,3,9_BDUOM
20250824,3,1,0,3,99_BDUOM
20250825,1,1,0,3,97_BDUOM
20250825,1,1,0,3,7_BDUOM
20250826,1,1,0,3,7_BDUOM
20250826,1,1,0,3,97_BDUOM
20250827,1,1,0,3,97_BDUOM
20250827,1,1,0,3,7_BDUOM
20250828,1,1,0,3,7_BDUOM
20250828,1,1,0,3,97_BDUOM
20250829,1,1,0,3,97_BDUOM
20250829,1,1,0,3,7_BDUOM
20250830,2,1,0,3,8_BDUOM
20250830,2,1,0,3,98_BDUOM
20250831,3,1,0,3,99_BDUOM
20250831,3,1,0,3,9_BDUOM
20250901,1,1,0,2,4_BDUOM
20250901,1,1,0,2,74_BDUOM
20250902,1,1,0,2,74_BDUOM
20250902,1,1,0,2,4_BDUOM
20250903,1,1,0,2,4_BDUOM
20250903,1,1,0,2,74_BDUOM
20250904,1,1,0,2,74_BDUOM
20250904,1,1,0,2,4_BDUOM
20250905,1,1,0,2,4_BDUOM
20250905,1,1,0,2,74_BDUOM
20250906,2,1,0,2,75_BDUOM
20250906,2,1,0,2,5_BDUOM
20250907,3,1,0,2,6_BDUOM
20250907,3,1,0,2,76_BDUOM
20250908,1,1,0,2,74_BDUOM
20250908,1,1,0,2,4_BDUOM
20250909,1,1,0,2,4_BDUOM
20250909,1,1,0,2,74_BDUOM
20250910,1,1,0,2,74_BDUOM
20250910,1,1,0,2,4_BDUOM
20250911,1,1,0,1,1_BDUOM
20250911,1,1,0,1,77_BDUOM
20250912,1,1,0,1,77_BDUOM
20250912,1,1,0,1,1_BDUOM
20250913,2,1,0,1,2_BDUOM
20250913,2,1,0,1,78_BDUOM
20250914,3,1,0,1,79_BDUOM
20250914,3,1,0,1,3_BDUOM
20250915,1,1,0,1,1_BDUOM
20250915,1,1,0,1,77_BDUOM
20250916,1,1,0,1,77_BDUOM
20250916,1,1,0,1,1_BDUOM
20250917,1,1,0,1,1_BDUOM
20250917,1,1,0,1,77_BDUOM
20250918,1,1,0,1,77_BDUOM
20250918,1,1,0,1,1_BDUOM
20250919,1,1,0,1,1_BDUOM
20250919,1,1,0,1,77_BDUOM
20250920,2,1,0,1,78_BDUOM
20250920,2,1,0,1,2_BDUOM
20250921,3,1,0,1,3_BDUOM
20250921,3,1,0,1,79_BDUOM
20250922,1,1,0,1,77_BDUOM
20250922,1,1,0,1,1_BDUOM
20250923,1,1,0,1,1_BDUOM
20250923,1,1,0,1,77_BDUOM
20250924,1,1,0,1,77_BDUOM
20250924,1,1,0,1,1_BDUOM
20250925,1,1,0,1,1_BDUOM
20250925,1,1,0,1,77_BDUOM
20250926,1,1,0,1,77_BDUOM
20250926,1,1,0,1,1_BDUOM
20250927,2,1,0,1,2_BDUOM
20250927,2,1,0,1,78_BDUOM
20250928,3,1,0,1,79_BDUOM
20250928,3,1,0,1,3_BDUOM
20250929,1,1,0,1,1_BDUOM
20250929,1,1,0,1,77_BDUOM
20250930,1,1,0,1,77_BDUOM
20250930,1,1,0,1,1_BDUOM
20251001,1,1,0,1,1_BDUOM
20251002,1,1,0,1,1_BDUOM
20251003,1,1,0,1,1_BDUOM
20251004,2,1,0,1,2_BDUOM
20251005,3,1,1,1,3_BDUOM
20251006,1,1,0,1,1_BDUOM
20251007,1,1,0,1,1_BDUOM
20251008,1,1,0,1,1_BDUOM
20251009,1,1,0,1,1_BDUOM
20251010,1,1,0,1,1_BDUOM
20251011,2,1,0,1,2_BDUOM
20251012,3,1,0,1,3_BDUOM
20251013,1,1,0,1,1_BDUOM
20251014,1,1,0,1,1_BDUOM
20251015,1,1,0,1,1_BDUOM
20251016,1,1,0,1,1_BDUOM
20251017,1,1,0,1,1_BDUOM
20251018,2,1,0,1,2_BDUOM
20251019,3,1,0,1,3_BDUOM
20251020,1,1,0,1,1_BDUOM
20251021,1,1,0,1,1_BDUOM
20251022,1,1,0,1,1_BDUOM
20251023,1,1,0,1,1_BDUOM
20251024,1,1,0,1,1_BDUOM
20251025,2,1,0,1,2_BDUOM
20251026,3,1,0,1,3_BDUOM
20251027,1,1,0,1,1_BDUOM
20251028,1,1,0,1,1_BDUOM
20251029,1,1,0,1,1_BDUOM
20251030,1,1,0,1,1_BDUOM
20251031,1,1,0,1,1_BDUOM
20251101,3,1,1,1,3_BDUOM
20251102,3,1,0,1,3_BDUOM
20251103,1,1,0,1,1_BDUOM
20251104,1,1,0,1,1_BDUOM
20251105,1,1,0,1,1_BDUOM
20251106,1,1,0,1,1_BDUOM
20251107,1,1,0,1,1_BDUOM
20251108,2,1,0,1,2_BDUOM
20251109,3,1,0,1,3_BDUOM
20251110,1,1,0,1,1_BDUOM
20251111,1,1,0,1,1_BDUOM
20251112,1,1,0,1,1_BDUOM
20251113,1,1,0,1,1_BDUOM
20251114,1,1,0,1,1_BDUOM
20251115,2,1,0,1,2_BDUOM
20251116,3,1,0,1,3_BDUOM
20251117,1,1,0,1,1_BDUOM
20251118,1,1,0,1,1_BDUOM
20251119,1,1,0,1,1_BDUOM
20251120,1,1,0,1,1_BDUOM
20251121,1,1,0,1,1_BDUOM
20251122,2,1,0,1,2_BDUOM
20251123,3,1,0,1,3_BDUOM
20251124,1,1,0,1,1_BDUOM
20251125,1,1,0,1,1_BDUOM
20251126,1,1,0,1,1_BDUOM
20251127,1,1,0,1,1_BDUOM
20251128,1,1,0,1,1_BDUOM
20251129,2,1,0,1,2_BDUOM
20251130,3,1,0,1,3_BDUOM
20251201,3,1,1,1,3_BDUOM
20251202,1,1,0,1,1_BDUOM
20251203,1,1,0,1,1_BDUOM
20251204,1,1,0,1,1_BDUOM
20251205,1,1,0,1,1_BDUOM
20251206,2,1,0,1,2_BDUOM
20251207,3,1,0,1,3_BDUOM
20251208,3,1,1,1,3_BDUOM
20251209,1,1,0,1,1_BDUOM
20251210,1,1,0,1,1_BDUOM
20251211,1,1,0,1,1_BDUOM
20251212,1,1,0,1,1_BDUOM
20251213,2,1,0,1,2_BDUOM
20251214,3,1,0,1,3_BDUOM
20251215,1,1,0,1,1_BDUOM
20251216,1,1,0,1,1_BDUOM
20251217,1,1,0,1,1_BDUOM
20251218,1,1,0,1,1_BDUOM
20251219,1,1,0,1,1_BDUOM
20251220,2,1,0,2,5_BDUOM
20251221,3,1,0,2,6_BDUOM
20251222,1,1,0,2,4_BDUOM
20251223,1,1,0,2,4_BDUOM
20251224,1,1,0,2,15_BDUOM
20251225,3,1,1,2,6_BDUOM
20251226,1,1,0,2,4_BDUOM
20251227,2,1,0,2,5_BDUOM
20251228,3,1,0,2,6_BDUOM
20251229,1,1,0,2,4_BDUOM
20251230,1,1,0,2,4_BDUOM
20251231,1,1,0,2,15_BDUOM
20250101,3,1,1,0,1316_5ZVUM
20250101,3,1,1,2,62_5ZVUM
20250102,1,1,0,2,12_5ZVUM
20250102,1,1,0,2,1402_5ZVUM
20250103,1,1,0,2,12_5ZVUM
20250103,1,1,0,2,1502_5ZVUM
20250104,2,1,0,2,1602_5ZVUM
20250104,2,1,0,2,22_5ZVUM
20250105,3,1,0,2,1702_5ZVUM
20250105,3,1,0,2,32_5ZVUM
20250106,1,1,0,1,11_5ZVUM
20250106,1,1,0,1,1101_5ZVUM
20250107,1,1,0,1,11_5ZVUM
20250107,1,1,0,1,1201_5ZVUM
20250108,1,1,0,1,11_5ZVUM
20250108,1,1,0,1,1301_5ZVUM
20250109,1,1,0,1,11_5ZVUM
20250109,1,1,0,1,1401_5ZVUM
20250110,1,1,0,1,11_5ZVUM
20250110,1,1,0,1,1501_5ZVUM
20250111,2,1,0,1,1601_5ZVUM
20250111,2,1,0,1,21_5ZVUM
20250112,3,1,0,1,1701_5ZVUM
20250112,3,1,0,1,31_5ZVUM
20250113,1,1,0,1,11_5ZVUM
20250113,1,1,0,1,1101_5ZVUM
20250114,1,1,0,1,11_5ZVUM
20250114,1,1,0,1,1201_5ZVUM
20250115,1,1,0,1,11_5ZVUM
20250115,1,1,0,1,1301_5ZVUM
20250116,1,1,0,1,11_5ZVUM
20250116,1,1,0,1,1401_5ZVUM
20250117,1,1,0,1,11_5ZVUM
20250117,1,1,0,1,1501_5ZVUM
20250118,2,1,0,1,1601_5ZVUM
20250118,2,1,0,1,21_5ZVUM
20250119,3,1,0,1,1701_5ZVUM
20250119,3,1,0,1,31_5ZVUM
20250120,1,1,0,1,11_5ZVUM
20250120,1,1,0,1,1101_5ZVUM
20250121,1,1,0,1,11_5ZVUM
20250121,1,1,0,1,1201_5ZVUM
20250122,1,1,0,1,11_5ZVUM
20250122,1,1,0,1,1301_5ZVUM
20250123,1,1,0,1,11_5ZVUM
20250123,1,1,0,1,1401_5ZVUM
20250124,1,1,0,1,11_5ZVUM
20250124,1,1,0,1,1501_5ZVUM
20250125,2,1,0,1,1601_5ZVUM
20250125,2,1,0,1,21_5ZVUM
20250126,3,1,0,1,1701_5ZVUM
20250126,3,1,0,1,31_5ZVUM
20250127,1,1,0,1,11_5ZVUM
20250127,1,1,0,1,1101_5ZVUM
20250128,1,1,0,1,11_5ZVUM
20250128,1,1,0,1,1201_5ZVUM
20250129,1,1,0,1,11_5ZVUM
20250129,1,1,0,1,1301_5ZVUM
20250130,1,1,0,1,11_5ZVUM
20250130,1,1,0,1,1401_5ZVUM
20250131,1,1,0,1,11_5ZVUM
20250131,1,1,0,1,1501_5ZVUM
20250201,2,1,0,1,1601_5ZVUM
20250201,2,1,0,1,21_5ZVUM
20250202,3,1,0,1,1701_5ZVUM
20250202,3,1,0,1,31_5ZVUM
20250203,1,1,0,1,11_5ZVUM
20250203,1,1,0,1,1101_5ZVUM
20250204,1,1,0,1,11_5ZVUM
20250204,1,1,0,1,1201_5ZVUM
20250205,1,1,0,1,11_5ZVUM
20250205,1,1,0,1,1301_5ZVUM
20250206,1,1,0,1,11_5ZVUM
20250206,1,1,0,1,1401_5ZVUM
20250207,1,1,0,1,11_5ZVUM
20250207,1,1,0,1,1501_5ZVUM
20250208,2,1,0,1,1601_5ZVUM
20250208,2,1,0,1,21_5ZVUM
20250209,3,1,0,1,1701_5ZVUM
20250209,3,1,0,1,31_5ZVUM
20250210,1,1,0,1,11_5ZVUM
20250210,1,1,0,1,1101_5ZVUM
20250211,1,1,0,1,11_5ZVUM
20250211,1,1,0,1,1201_5ZVUM
20250212,1,1,0,1,11_5ZVUM
20250212,1,1,0,1,1301_5ZVUM
20250213,1,1,0,1,11_5ZVUM
20250213,1,1,0,1,1401_5ZVUM
20250214,1,1,0,1,11_5ZVUM
20250214,1,1,0,1,1501_5ZVUM
20250215,2,1,0,1,1601_5ZVUM
20250215,2,1,0,1,21_5ZVUM
20250216,3,1,0,1,1701_5ZVUM
20250216,3,1,0,1,31_5ZVUM
20250217,1,1,0,1,11_5ZVUM
20250217,1,1,0,1,1101_5ZVUM
20250218,1,1,0,1,11_5ZVUM
20250218,1,1,0,1,1201_5ZVUM
20250219,1,1,0,1,11_5ZVUM
20250219,1,1,0,1,1301_5ZVUM
20250220,1,1,0,1,11_5ZVUM
20250220,1,1,0,1,1401_5ZVUM
20250221,1,1,0,1,11_5ZVUM
20250221,1,1,0,1,1501_5ZVUM
20250222,2,1,0,1,1601_5ZVUM
20250222,2,1,0,1,21_5ZVUM
20250223,3,1,0,1,1701_5ZVUM
20250223,3,1,0,1,31_5ZVUM
20250224,1,1,0,1,11_5ZVUM
20250224,1,1,0,1,1101_5ZVUM
20250225,1,1,0,1,11_5ZVUM
20250225,1,1,0,1,1201_5ZVUM
20250226,1,1,0,1,11_5ZVUM
20250226,1,1,0,1,1301_5ZVUM
20250227,1,1,0,1,11_5ZVUM
20250227,1,1,0,1,1401_5ZVUM
20250228,1,1,0,1,11_5ZVUM
20250228,1,1,0,1,1501_5ZVUM
20250301,2,1,0,1,1601_5ZVUM
20250301,2,1,0,1,21_5ZVUM
20250302,3,1,0,1,1701_5ZVUM
20250302,3,1,0,1,31_5ZVUM
20250303,1,1,0,1,11_5ZVUM
20250303,1,1,0,1,1101_5ZVUM
20250304,1,1,0,1,1601_5ZVUM
20250304,1,1,0,1,21_5ZVUM
20250305,1,1,0,1,11_5ZVUM
20250305,1,1,0,1,1301_5ZVUM
20250306,1,1,0,1,11_5ZVUM
20250306,1,1,0,1,1401_5ZVUM
20250307,1,1,0,1,11_5ZVUM
20250307,1,1,0,1,1501_5ZVUM
20250308,2,1,0,1,1601_5ZVUM
20250308,2,1,0,1,21_5ZVUM
20250309,3,1,0,1,1701_5ZVUM
20250309,3,1,0,1,31_5ZVUM
20250310,1,1,0,1,11_5ZVUM
20250310,1,1,0,1,1101_5ZVUM
20250311,1,1,0,1,11_5ZVUM
20250311,1,1,0,1,1201_5ZVUM
20250312,1,1,0,1,11_5ZVUM
20250312,1,1,0,1,1301_5ZVUM
20250313,1,1,0,1,11_5ZVUM
20250313,1,1,0,1,1401_5ZVUM
20250314,1,1,0,1,11_5ZVUM
20250314,1,1,0,1,1501_5ZVUM
20250315,2,1,0,1,1601_5ZVUM
20250315,2,1,0,1,21_5ZVUM
20250316,3,1,0,1,1701_5ZVUM
20250316,3,1,0,1,31_5ZVUM
20250317,1,1,0,1,11_5ZVUM
20250317,1,1,0,1,1101_5ZVUM
20250318,1,1,0,1,11_5ZVUM
20250318,1,1,0,1,1201_5ZVUM
20250319,1,1,0,1,11_5ZVUM
20250319,1,1,0,1,1301_5ZVUM
20250320,1,1,0,1,11_5ZVUM
20250320,1,1,0,1,1401_5ZVUM
20250321,1,1,0,1,11_5ZVUM
20250321,1,1,0,1,1501_5ZVUM
20250322,2,1,0,1,1601_5ZVUM
20250322,2,1,0,1,21_5ZVUM
20250323,3,1,0,1,1701_5ZVUM
20250323,3,1,0,1,31_5ZVUM
20250324,1,1,0,1,11_5ZVUM
20250324,1,1,0,1,1101_5ZVUM
20250325,1,1,0,1,11_5ZVUM
20250325,1,1,0,1,1201_5ZVUM
20250326,1,1,0,1,11_5ZVUM
20250326,1,1,0,1,1301_5ZVUM
20250327,1,1,0,1,11_5ZVUM
20250327,1,1,0,1,1401_5ZVUM
20250328,1,1,0,1,11_5ZVUM
20250328,1,1,0,1,1501_5ZVUM
20250329,2,1,0,1,1601_5ZVUM
20250329,2,1,0,1,21_5ZVUM
20250330,3,1,0,1,1701_5ZVUM
20250330,3,1,0,1,31_5ZVUM
20250331,1,1,0,1,11_5ZVUM
20250331,1,1,0,1,1101_5ZVUM
20250401,1,1,0,1,11_5ZVUM
20250401,1,1,0,1,1201_5ZVUM
20250402,1,1,0,1,11_5ZVUM
20250402,1,1,0,1,1301_5ZVUM
20250403,1,1,0,1,11_5ZVUM
20250403,1,1,0,1,1401_5ZVUM
20250404,1,1,0,1,11_5ZVUM
20250404,1,1,0,1,1501_5ZVUM
20250405,2,1,0,1,1601_5ZVUM
20250405,2,1,0,1,21_5ZVUM
20250406,3,1,0,1,1701_5ZVUM
20250406,3,1,0,1,31_5ZVUM
20250407,1,1,0,1,11_5ZVUM
20250407,1,1,0,1,1101_5ZVUM
20250408,1,1,0,1,11_5ZVUM
20250408,1,1,0,1,1201_5ZVUM
20250409,1,1,0,1,11_5ZVUM
20250409,1,1,0,1,1301_5ZVUM
20250410,1,1,0,1,11_5ZVUM
20250410,1,1,0,1,1401_5ZVUM
20250411,1,1,0,1,11_5ZVUM
20250411,1,1,0,1,1501_5ZVUM
20250412,2,1,0,1,1601_5ZVUM
20250412,2,1,0,1,21_5ZVUM
20250413,3,1,0,1,1701_5ZVUM
20250413,3,1,0,1,31_5ZVUM
20250414,1,1,0,1,11_5ZVUM
20250414,1,1,0,1,1101_5ZVUM
20250415,1,1,0,2,12_5ZVUM
20250415,1,1,0,2,1202_5ZVUM
20250416,1,1,0,2,12_5ZVUM
20250416,1,1,0,2,1302_5ZVUM
20250417,1,1,0,2,12_5ZVUM
20250417,1,1,0,2,1402_5ZVUM
20250418,3,1,1,2,1512_5ZVUM
20250418,3,1,1,2,32_5ZVUM
20250419,2,1,0,2,1602_5ZVUM
20250419,2,1,0,2,22_5ZVUM
20250420,3,1,1,2,1712_5ZVUM
20250420,3,1,1,2,32_5ZVUM
20250421,1,1,0,1,11_5ZVUM
20250421,1,1,0,1,1101_5ZVUM
20250422,1,1,0,1,11_5ZVUM
20250422,1,1,0,1,1201_5ZVUM
20250423,1,1,0,1,11_5ZVUM
20250423,1,1,0,1,1301_5ZVUM
20250424,1,1,0,1,11_5ZVUM
20250424,1,1,0,1,1401_5ZVUM
20250425,3,1,1,1,1511_5ZVUM
20250425,3,1,1,1,31_5ZVUM
20250426,2,1,0,1,1601_5ZVUM
20250426,2,1,0,1,21_5ZVUM
20250427,3,1,0,1,1701_5ZVUM
20250427,3,1,0,1,31_5ZVUM
20250428,1,1,0,1,11_5ZVUM
20250428,1,1,0,1,1101_5ZVUM
20250429,1,1,0,1,11_5ZVUM
20250429,1,1,0,1,1201_5ZVUM
20250430,1,1,0,1,11_5ZVUM
20250430,1,1,0,1,1301_5ZVUM
20250501,3,1,1,1,1411_5ZVUM
20250501,3,1,1,1,31_5ZVUM
20250502,1,1,0,1,11_5ZVUM
20250502,1,1,0,1,1501_5ZVUM
20250503,2,1,0,1,1601_5ZVUM
20250503,2,1,0,1,21_5ZVUM
20250504,3,1,0,1,1701_5ZVUM
20250504,3,1,0,1,31_5ZVUM
20250505,1,1,0,1,11_5ZVUM
20250505,1,1,0,1,1101_5ZVUM
20250506,1,1,0,1,11_5ZVUM
20250506,1,1,0,1,1201_5ZVUM
20250507,1,1,0,1,11_5ZVUM
20250507,1,1,0,1,1301_5ZVUM
20250508,1,1,0,1,11_5ZVUM
20250508,1,1,0,1,1401_5ZVUM
20250509,1,1,0,1,11_5ZVUM
20250509,1,1,0,1,1501_5ZVUM
20250510,2,1,0,1,1601_5ZVUM
20250510,2,1,0,1,21_5ZVUM
20250511,3,1,0,1,1701_5ZVUM
20250511,3,1,0,1,31_5ZVUM
20250512,1,1,0,1,11_5ZVUM
20250512,1,1,0,1,1101_5ZVUM
20250513,1,1,0,1,11_5ZVUM
20250513,1,1,0,1,1201_5ZVUM
20250514,1,1,0,1,11_5ZVUM
20250514,1,1,0,1,1301_5ZVUM
20250515,1,1,0,1,11_5ZVUM
20250515,1,1,0,1,1401_5ZVUM
20250516,1,1,0,1,11_5ZVUM
20250516,1,1,0,1,1501_5ZVUM
20250517,2,1,0,1,1601_5ZVUM
20250517,2,1,0,1,21_5ZVUM
20250518,3,1,0,1,1701_5ZVUM
20250518,3,1,0,1,31_5ZVUM
20250519,1,1,0,1,11_5ZVUM
20250519,1,1,0,1,1101_5ZVUM
20250520,1,1,0,1,11_5ZVUM
20250520,1,1,0,1,1201_5ZVUM
20250521,1,1,0,1,11_5ZVUM
20250521,1,1,0,1,1301_5ZVUM
20250522,1,1,0,1,11_5ZVUM
20250522,1,1,0,1,1401_5ZVUM
20250523,1,1,0,1,11_5ZVUM
20250523,1,1,0,1,1501_5ZVUM
20250524,2,1,0,1,1601_5ZVUM
20250524,2,1,0,1,21_5ZVUM
20250525,3,1,0,1,1701_5ZVUM
20250525,3,1,0,1,31_5ZVUM
20250526,1,1,0,1,11_5ZVUM
20250526,1,1,0,1,1101_5ZVUM
20250527,1,1,0,1,11_5ZVUM
20250527,1,1,0,1,1201_5ZVUM
20250528,1,1,0,1,11_5ZVUM
20250528,1,1,0,1,1301_5ZVUM
20250529,1,1,0,1,11_5ZVUM
20250529,1,1,0,1,1401_5ZVUM
20250530,1,1,0,1,11_5ZVUM
20250530,1,1,0,1,1501_5ZVUM
20250531,2,1,0,1,1601_5ZVUM
20250531,2,1,0,1,21_5ZVUM
20250601,3,1,0,1,1701_5ZVUM
20250601,3,1,0,1,31_5ZVUM
20250602,1,1,0,1,11_5ZVUM
20250602,1,1,0,1,1101_5ZVUM
20250603,1,1,0,1,11_5ZVUM
20250603,1,1,0,1,1201_5ZVUM
20250604,1,1,0,1,11_5ZVUM
20250604,1,1,0,1,1301_5ZVUM
20250605,1,1,0,1,11_5ZVUM
20250605,1,1,0,1,1401_5ZVUM
20250606,1,1,0,1,11_5ZVUM
20250606,1,1,0,1,1501_5ZVUM
20250607,2,1,0,1,1601_5ZVUM
20250607,2,1,0,1,21_5ZVUM
20250608,3,1,0,1,1701_5ZVUM
20250608,3,1,0,1,31_5ZVUM
20250609,1,1,0,1,11_5ZVUM
20250609,1,1,0,1,1101_5ZVUM
20250610,3,1,1,1,1211_5ZVUM
20250610,3,1,1,1,31_5ZVUM
20250611,1,1,0,1,11_5ZVUM
20250611,1,1,0,1,1301_5ZVUM
20250612,1,1,0,1,11_5ZVUM
20250612,1,1,0,1,1401_5ZVUM
20250613,1,1,0,1,11_5ZVUM
20250613,1,1,0,1,1501_5ZVUM
20250614,2,1,0,1,1601_5ZVUM
20250614,2,1,0,1,21_5ZVUM
20250615,3,1,0,1,1701_5ZVUM
20250615,3,1,0,1,31_5ZVUM
20250616,1,1,0,1,11_5ZVUM
20250616,1,1,0,1,1101_5ZVUM
20250617,1,1,0,1,11_5ZVUM
20250617,1,1,0,1,1201_5ZVUM
20250618,1,1,0,1,11_5ZVUM
20250618,1,1,0,1,1301_5ZVUM
20250619,3,1,1,1,1411_5ZVUM
20250619,3,1,1,1,31_5ZVUM
20250620,1,1,0,1,11_5ZVUM
20250620,1,1,0,1,1501_5ZVUM
20250621,2,1,0,1,1601_5ZVUM
20250621,2,1,0,1,21_5ZVUM
20250622,3,1,0,1,1701_5ZVUM
20250622,3,1,0,1,31_5ZVUM
20250623,1,1,0,1,11_5ZVUM
20250623,1,1,0,1,1101_5ZVUM
20250624,1,1,0,1,11_5ZVUM
20250624,1,1,0,1,1201_5ZVUM
20250625,1,1,0,1,11_5ZVUM
20250625,1,1,0,1,1301_5ZVUM
20250626,1,1,0,1,11_5ZVUM
20250626,1,1,0,1,1401_5ZVUM
20250627,1,1,0,1,11_5ZVUM
20250627,1,1,0,1,1501_5ZVUM
20250628,2,1,0,1,1601_5ZVUM
20250628,2,1,0,1,21_5ZVUM
20250629,3,1,0,1,1701_5ZVUM
20250629,3,1,0,1,31_5ZVUM
20250630,1,1,0,3,1103_5ZVUM
20250630,1,1,0,3,13_5ZVUM
20250701,1,1,0,3,1203_5ZVUM
20250701,1,1,0,3,13_5ZVUM
20250702,1,1,0,3,13_5ZVUM
20250702,1,1,0,3,1303_5ZVUM
20250703,1,1,0,3,13_5ZVUM
20250703,1,1,0,3,1403_5ZVUM
20250704,1,1,0,3,13_5ZVUM
20250704,1,1,0,3,1503_5ZVUM
20250705,2,1,0,3,1603_5ZVUM
20250705,2,1,0,3,23_5ZVUM
20250706,3,1,0,3,1703_5ZVUM
20250706,3,1,0,3,33_5ZVUM
20250707,1,1,0,3,1103_5ZVUM
20250707,1,1,0,3,13_5ZVUM
20250708,1,1,0,3,1203_5ZVUM
20250708,1,1,0,3,13_5ZVUM
20250709,1,1,0,3,13_5ZVUM
20250709,1,1,0,3,1303_5ZVUM
20250710,1,1,0,3,13_5ZVUM
20250710,1,1,0,3,1403_5ZVUM
20250711,1,1,0,3,13_5ZVUM
20250711,1,1,0,3,1503_5ZVUM
20250712,2,1,0,3,1603_5ZVUM
20250712,2,1,0,3,23_5ZVUM
20250713,3,1,0,3,1703_5ZVUM
20250713,3,1,0,3,33_5ZVUM
20250714,1,1,0,3,1103_5ZVUM
20250714,1,1,0,3,13_5ZVUM
20250715,1,1,0,3,1203_5ZVUM
20250715,1,1,0,3,13_5ZVUM
20250716,1,1,0,3,13_5ZVUM
20250716,1,1,0,3,1303_5ZVUM
20250717,1,1,0,3,13_5ZVUM
20250717,1,1,0,3,1403_5ZVUM
20250718,1,1,0,3,13_5ZVUM
20250718,1,1,0,3,1503_5ZVUM
20250719,2,1,0,3,1603_5ZVUM
20250719,2,1,0,3,23_5ZVUM
20250720,3,1,0,3,1703_5ZVUM
20250720,3,1,0,3,33_5ZVUM
20250721,1,1,0,3,1103_5ZVUM
20250721,1,1,0,3,13_5ZVUM
20250722,1,1,0,3,1203_5ZVUM
20250722,1,1,0,3,13_5ZVUM
20250723,1,1,0,3,13_5ZVUM
20250723,1,1,0,3,1303_5ZVUM
20250724,1,1,0,3,13_5ZVUM
20250724,1,1,0,3,1403_5ZVUM
20250725,1,1,0,3,13_5ZVUM
20250725,1,1,0,3,1503_5ZVUM
20250726,2,1,0,3,1603_5ZVUM
20250726,2,1,0,3,23_5ZVUM
20250727,3,1,0,3,1703_5ZVUM
20250727,3,1,0,3,33_5ZVUM
20250728,1,1,0,3,1103_5ZVUM
20250728,1,1,0,3,13_5ZVUM
20250729,1,1,0,3,1203_5ZVUM
20250729,1,1,0,3,13_5ZVUM
20250730,1,1,0,3,13_5ZVUM
20250730,1,1,0,3,1303_5ZVUM
20250731,1,1,0,3,13_5ZVUM
20250731,1,1,0,3,1403_5ZVUM
20250801,1,1,0,3,13_5ZVUM
20250801,1,1,0,3,1503_5ZVUM
20250802,2,1,0,3,1603_5ZVUM
20250802,2,1,0,3,23_5ZVUM
20250803,3,1,0,3,1703_5ZVUM
20250803,3,1,0,3,33_5ZVUM
20250804,1,1,0,3,1103_5ZVUM
20250804,1,1,0,3,13_5ZVUM
20250805,1,1,0,3,1203_5ZVUM
20250805,1,1,0,3,13_5ZVUM
20250806,1,1,0,3,13_5ZVUM
20250806,1,1,0,3,1303_5ZVUM
20250807,1,1,0,3,13_5ZVUM
20250807,1,1,0,3,1403_5ZVUM
20250808,1,1,0,3,13_5ZVUM
20250808,1,1,0,3,1503_5ZVUM
20250809,2,1,0,3,1603_5ZVUM
20250809,2,1,0,3,23_5ZVUM
20250810,3,1,0,3,1703_5ZVUM
20250810,3,1,0,3,33_5ZVUM
20250811,1,1,0,3,1103_5ZVUM
20250811,1,1,0,3,13_5ZVUM
20250812,1,1,0,3,1203_5ZVUM
20250812,1,1,0,3,13_5ZVUM
20250813,1,1,0,3,13_5ZVUM
20250813,1,1,0,3,1303_5ZVUM
20250814,1,1,0,3,13_5ZVUM
20250814,1,1,0,3,1403_5ZVUM
20250815,3,1,1,3,1513_5ZVUM
20250815,3,1,1,3,33_5ZVUM
20250816,2,1,0,3,1603_5ZVUM
20250816,2,1,0,3,23_5ZVUM
20250817,3,1,0,3,1703_5ZVUM
20250817,3,1,0,3,33_5ZVUM
20250818,1,1,0,3,1103_5ZVUM
20250818,1,1,0,3,13_5ZVUM
20250819,1,1,0,3,1203_5ZVUM
20250819,1,1,0,3,13_5ZVUM
20250820,1,1,0,3,13_5ZVUM
20250820,1,1,0,3,1303_5ZVUM
20250821,1,1,0,3,13_5ZVUM
20250821,1,1,0,3,1403_5ZVUM
20250822,1,1,0,3,13_5ZVUM
20250822,1,1,0,3,1503_5ZVUM
20250823,2,1,0,3,1603_5ZVUM
20250823,2,1,0,3,23_5ZVUM
20250824,3,1,0,3,1703_5ZVUM
20250824,3,1,0,3,33_5ZVUM
20250825,1,1,0,3,1103_5ZVUM
20250825,1,1,0,3,13_5ZVUM
20250826,1,1,0,3,1203_5ZVUM
20250826,1,1,0,3,13_5ZVUM
20250827,1,1,0,3,13_5ZVUM
20250827,1,1,0,3,1303_5ZVUM
20250828,1,1,0,3,13_5ZVUM
20250828,1,1,0,3,1403_5ZVUM
20250829,1,1,0,3,13_5ZVUM
20250829,1,1,0,3,1503_5ZVUM
20250830,2,1,0,3,1603_5ZVUM
20250830,2,1,0,3,23_5ZVUM
20250831,3,1,0,3,1703_5ZVUM
20250831,3,1,0,3,33_5ZVUM
20250901,1,1,0,2,1102_5ZVUM
20250901,1,1,0,2,12_5ZVUM
20250902,1,1,0,2,12_5ZVUM
20250902,1,1,0,2,1202_5ZVUM
20250903,1,1,0,2,12_5ZVUM
20250903,1,1,0,2,1302_5ZVUM
20250904,1,1,0,2,12_5ZVUM
20250904,1,1,0,2,1402_5ZVUM
20250905,1,1,0,2,12_5ZVUM
20250905,1,1,0,2,1502_5ZVUM
20250906,2,1,0,2,1602_5ZVUM
20250906,2,1,0,2,22_5ZVUM
20250907,3,1,0,2,1702_5ZVUM
20250907,3,1,0,2,32_5ZVUM
20250908,1,1,0,2,1102_5ZVUM
20250908,1,1,0,2,12_5ZVUM
20250909,1,1,0,2,12_5ZVUM
20250909,1,1,0,2,1202_5ZVUM
20250910,1,1,0,2,12_5ZVUM
20250910,1,1,0,2,1302_5ZVUM
20250911,1,1,0,1,11_5ZVUM
20250911,1,1,0,1,1401_5ZVUM
20250912,1,1,0,1,11_5ZVUM
20250912,1,1,0,1,1501_5ZVUM
20250913,2,1,0,1,1601_5ZVUM
20250913,2,1,0,1,21_5ZVUM
20250914,3,1,0,1,1701_5ZVUM
20250914,3,1,0,1,31_5ZVUM
20250915,1,1,0,1,11_5ZVUM
20250915,1,1,0,1,1101_5ZVUM
20250916,1,1,0,1,11_5ZVUM
20250916,1,1,0,1,1201_5ZVUM
20250917,1,1,0,1,11_5ZVUM
20250917,1,1,0,1,1301_5ZVUM
20250918,1,1,0,1,11_5ZVUM
20250918,1,1,0,1,1401_5ZVUM
20250919,1,1,0,1,11_5ZVUM
20250919,1,1,0,1,1501_5ZVUM
20250920,2,1,0,1,1601_5ZVUM
20250920,2,1,0,1,21_5ZVUM
20250921,3,1,0,1,1701_5ZVUM
20250921,3,1,0,1,31_5ZVUM
20250922,1,1,0,1,11_5ZVUM
20250922,1,1,0,1,1101_5ZVUM
20250923,1,1,0,1,11_5ZVUM
20250923,1,1,0,1,1201_5ZVUM
20250924,1,1,0,1,11_5ZVUM
20250924,1,1,0,1,1301_5ZVUM
20250925,1,1,0,1,11_5ZVUM
20250925,1,1,0,1,1401_5ZVUM
20250926,1,1,0,1,11_5ZVUM
20250926,1,1,0,1,1501_5ZVUM
20250927,2,1,0,1,1601_5ZVUM
20250927,2,1,0,1,21_5ZVUM
20250928,3,1,0,1,1701_5ZVUM
20250928,3,1,0,1,31_5ZVUM
20250929,1,1,0,1,11_5ZVUM
20250929,1,1,0,1,1101_5ZVUM
20250930,1,1,0,1,11_5ZVUM
20250930,1,1,0,1,1201_5ZVUM
20251001,1,1,0,1,11_5ZVUM
20251001,1,1,0,1,1301_5ZVUM
20251002,1,1,0,1,11_5ZVUM
20251002,1,1,0,1,1401_5ZVUM
20251003,1,1,0,1,11_5ZVUM
20251003,1,1,0,1,1501_5ZVUM
20251004,2,1,0,1,1601_5ZVUM
20251004,2,1,0,1,21_5ZVUM
20251005,3,1,1,1,1711_5ZVUM
20251005,3,1,1,1,31_5ZVUM
20251006,1,1,0,1,11_5ZVUM
20251006,1,1,0,1,1101_5ZVUM
20251007,1,1,0,1,11_5ZVUM
20251007,1,1,0,1,1201_5ZVUM
20251008,1,1,0,1,11_5ZVUM
20251008,1,1,0,1,1301_5ZVUM
20251009,1,1,0,1,11_5ZVUM
20251009,1,1,0,1,1401_5ZVUM
20251010,1,1,0,1,11_5ZVUM
20251010,1,1,0,1,1501_5ZVUM
20251011,2,1,0,1,1601_5ZVUM
20251011,2,1,0,1,21_5ZVUM
20251012,3,1,0,1,1701_5ZVUM
20251012,3,1,0,1,31_5ZVUM
20251013,1,1,0,1,11_5ZVUM
20251013,1,1,0,1,1101_5ZVUM
20251014,1,1,0,1,11_5ZVUM
20251014,1,1,0,1,1201_5ZVUM
20251015,1,1,0,1,11_5ZVUM
20251015,1,1,0,1,1301_5ZVUM
20251016,1,1,0,1,11_5ZVUM
20251016,1,1,0,1,1401_5ZVUM
20251017,1,1,0,1,11_5ZVUM
20251017,1,1,0,1,1501_5ZVUM
20251018,2,1,0,1,1601_5ZVUM
20251018,2,1,0,1,21_5ZVUM
20251019,3,1,0,1,1701_5ZVUM
20251019,3,1,0,1,31_5ZVUM
20251020,1,1,0,1,11_5ZVUM
20251020,1,1,0,1,1101_5ZVUM
20251021,1,1,0,1,11_5ZVUM
20251021,1,1,0,1,1201_5ZVUM
20251022,1,1,0,1,11_5ZVUM
20251022,1,1,0,1,1301_5ZVUM
20251023,1,1,0,1,11_5ZVUM
20251023,1,1,0,1,1401_5ZVUM
20251024,1,1,0,1,11_5ZVUM
20251024,1,1,0,1,1501_5ZVUM
20251025,2,1,0,1,1601_5ZVUM
20251025,2,1,0,1,21_5ZVUM
20251026,3,1,0,1,1701_5ZVUM
20251026,3,1,0,1,31_5ZVUM
20251027,1,1,0,1,11_5ZVUM
20251027,1,1,0,1,1101_5ZVUM
20251028,1,1,0,1,11_5ZVUM
20251028,1,1,0,1,1201_5ZVUM
20251029,1,1,0,1,11_5ZVUM
20251029,1,1,0,1,1301_5ZVUM
20251030,1,1,0,1,11_5ZVUM
20251030,1,1,0,1,1401_5ZVUM
20251031,1,1,0,1,11_5ZVUM
20251031,1,1,0,1,1501_5ZVUM
20251101,3,1,1,1,1611_5ZVUM
20251101,3,1,1,1,31_5ZVUM
20251102,3,1,0,1,1701_5ZVUM
20251102,3,1,0,1,31_5ZVUM
20251103,1,1,0,1,11_5ZVUM
20251103,1,1,0,1,1101_5ZVUM
20251104,1,1,0,1,11_5ZVUM
20251104,1,1,0,1,1201_5ZVUM
20251105,1,1,0,1,11_5ZVUM
20251105,1,1,0,1,1301_5ZVUM
20251106,1,1,0,1,11_5ZVUM
20251106,1,1,0,1,1401_5ZVUM
20251107,1,1,0,1,11_5ZVUM
20251107,1,1,0,1,1501_5ZVUM
20251108,2,1,0,1,1601_5ZVUM
20251108,2,1,0,1,21_5ZVUM
20251109,3,1,0,1,1701_5ZVUM
20251109,3,1,0,1,31_5ZVUM
20251110,1,1,0,1,11_5ZVUM
20251110,1,1,0,1,1101_5ZVUM
20251111,1,1,0,1,11_5ZVUM
20251111,1,1,0,1,1201_5ZVUM
20251112,1,1,0,1,11_5ZVUM
20251112,1,1,0,1,1301_5ZVUM
20251113,1,1,0,1,11_5ZVUM
20251113,1,1,0,1,1401_5ZVUM
20251114,1,1,0,1,11_5ZVUM
20251114,1,1,0,1,1501_5ZVUM
20251115,2,1,0,1,1601_5ZVUM
20251115,2,1,0,1,21_5ZVUM
20251116,3,1,0,1,1701_5ZVUM
20251116,3,1,0,1,31_5ZVUM
20251117,1,1,0,1,11_5ZVUM
20251117,1,1,0,1,1101_5ZVUM
20251118,1,1,0,1,11_5ZVUM
20251118,1,1,0,1,1201_5ZVUM
20251119,1,1,0,1,11_5ZVUM
20251119,1,1,0,1,1301_5ZVUM
20251120,1,1,0,1,11_5ZVUM
20251120,1,1,0,1,1401_5ZVUM
20251121,1,1,0,1,11_5ZVUM
20251121,1,1,0,1,1501_5ZVUM
20251122,2,1,0,1,1601_5ZVUM
20251122,2,1,0,1,21_5ZVUM
20251123,3,1,0,1,1701_5ZVUM
20251123,3,1,0,1,31_5ZVUM
20251124,1,1,0,1,11_5ZVUM
20251124,1,1,0,1,1101_5ZVUM
20251125,1,1,0,1,11_5ZVUM
20251125,1,1,0,1,1201_5ZVUM
20251126,1,1,0,1,11_5ZVUM
20251126,1,1,0,1,1301_5ZVUM
20251127,1,1,0,1,11_5ZVUM
20251127,1,1,0,1,1401_5ZVUM
20251128,1,1,0,1,11_5ZVUM
20251128,1,1,0,1,1501_5ZVUM
20251129,2,1,0,1,1601_5ZVUM
20251129,2,1,0,1,21_5ZVUM
20251130,3,1,0,1,1701_5ZVUM
20251130,3,1,0,1,31_5ZVUM
20251201,3,1,1,1,1111_5ZVUM
20251201,3,1,1,1,31_5ZVUM
20251202,1,1,0,1,11_5ZVUM
20251202,1,1,0,1,1201_5ZVUM
20251203,1,1,0,1,11_5ZVUM
20251203,1,1,0,1,1301_5ZVUM
20251204,1,1,0,1,11_5ZVUM
20251204,1,1,0,1,1401_5ZVUM
20251205,1,1,0,1,11_5ZVUM
20251205,1,1,0,1,1501_5ZVUM
20251206,2,1,0,1,1601_5ZVUM
20251206,2,1,0,1,21_5ZVUM
20251207,3,1,0,1,1701_5ZVUM
20251207,3,1,0,1,31_5ZVUM
20251208,3,1,1,1,1111_5ZVUM
20251208,3,1,1,1,31_5ZVUM
20251209,1,1,0,1,11_5ZVUM
20251209,1,1,0,1,1201_5ZVUM
20251210,1,1,0,1,11_5ZVUM
20251210,1,1,0,1,1301_5ZVUM
20251211,1,1,0,1,11_5ZVUM
20251211,1,1,0,1,1401_5ZVUM
20251212,1,1,0,1,11_5ZVUM
20251212,1,1,0,1,1501_5ZVUM
20251213,2,1,0,1,1601_5ZVUM
20251213,2,1,0,1,21_5ZVUM
20251214,3,1,0,1,1701_5ZVUM
20251214,3,1,0,1,31_5ZVUM
20251215,1,1,0,1,11_5ZVUM
20251215,1,1,0,1,1101_5ZVUM
20251216,1,1,0,1,11_5ZVUM
20251216,1,1,0,1,1201_5ZVUM
20251217,1,1,0,1,11_5ZVUM
20251217,1,1,0,1,1301_5ZVUM
20251218,1,1,0,1,11_5ZVUM
20251218,1,1,0,1,1401_5ZVUM
20251219,1,1,0,1,11_5ZVUM
20251219,1,1,0,1,1501_5ZVUM
20251220,2,1,0,2,1602_5ZVUM
20251220,2,1,0,2,22_5ZVUM
20251221,3,1,0,2,1702_5ZVUM
20251221,3,1,0,2,32_5ZVUM
20251222,1,1,0,2,1102_5ZVUM
20251222,1,1,0,2,12_5ZVUM
20251223,1,1,0,2,12_5ZVUM
20251223,1,1,0,2,1202_5ZVUM
20251224,1,1,0,2,12_5ZVUM
20251224,1,1,0,2,1302_5ZVUM
20251225,3,1,1,2,1412_5ZVUM
20251225,3,1,1,2,32_5ZVUM
20251226,1,1,0,2,12_5ZVUM
20251226,1,1,0,2,1502_5ZVUM
20251227,2,1,0,2,1602_5ZVUM
20251227,2,1,0,2,22_5ZVUM
20251228,3,1,0,2,1702_5ZVUM
20251228,3,1,0,2,32_5ZVUM
20251229,1,1,0,2,1102_5ZVUM
20251229,1,1,0,2,12_5ZVUM
20251230,1,1,0,2,12_5ZVUM
20251230,1,1,0,2,1202_5ZVUM
20251231,1,1,0,2,12_5ZVUM
20251231,1,1,0,2,1302_5ZVUM